0	0.09085631 0.22341979 0.25491348 0.027798487 0.3017802 0.08160459 0.11157214 0.095794186 0.03914368 0.20215566 0.048344135 0.51384145 0.08107779 0.037936244 0.023851965 0.24327123 0.12763374 0.16790925 1.6639837 0.060162075 0.7534436 0.052398708 0.07529443 0.0732685 0.5729659 0.30021593 0.94580215 0.15128037 0.120270096 0.12304969 0.075761735 0.057625607 0.09998104 0.058317125 0.12064019 0.10995399 0.14163697 0.013298217 0.092920065 0.06917072 0.049492165 0.15433009 0.052682325 0.09547541 0.3602002 0.2064966 0.005040519 0.03424635 0.0316383 0.1379951 0.016490275 0.2410621 0.051361952 0.037061047 2.7780833 19.860075 95.08509 0.32603997 
1	0.19 0.0 0.38 0.0 0.0 0.19 0.0 0.0 0.0 0.0 0.19 0.19 0.0 0.0 0.0 0.38 0.0 0.19 1.14 0.0 0.38 0.0 0.0 0.0 0.0 0.0 0.0 0.0 0.0 0.0 0.0 0.0 0.0 0.0 0.0 0.0 0.0 0.0 0.0 0.0 0.0 0.0 0.0 0.0 0.0 0.0 0.0 0.0 0.01 0.01 0.0 0.0 0.0 0.003 2.383 21.0 15841.0 1.0 
2	0.0 0.0 0.0 0.04 0.0 0.0 0.0 0.0 0.0 0.0 0.0 0.0 0.0 0.0 0.0 0.02 0.0 0.0 0.02 0.0 0.0 0.0 0.0 0.0 0.0 0.0 0.0 0.0 0.0 0.0 0.0 0.0 0.0 0.0 0.0 0.0 0.0 0.0 0.0 0.0 0.0 0.0 0.0 0.0 0.0 0.0 0.0 0.0 1.024 9.752 0.003 1.542 1.785 1.998 239.571 9989.0 10062.0 1.0 
3	0.096666664 0.013333333 0.2 0.0 0.15333334 0.13333334 0.0 0.096666664 0.096666664 0.31333333 0.06 0.07333333 0.120000005 0.0 0.06333333 0.013333333 0.13 0.06333333 0.62666667 0.013333333 0.27666667 3.1766665 0.23 0.18333334 0.0 0.0 0.0 0.0 0.0 0.0 0.0 0.0 0.0 0.046666667 0.0 0.013333333 0.0 0.0 0.026666665 0.0 0.0 0.0 0.0 0.0 0.06333333 0.0 0.0 0.0 0.37233332 0.095 0.0139999995 0.14 0.030000001 0.0036666666 15.187665 493.0 9113.667 1.0 
4	0.005 0.005 0.035 0.0 0.025 0.0 0.0 0.005 0.015 0.065 0.025 0.0 0.0 0.025 0.0 0.0 0.005 0.035 0.005 0.0 0.005 0.0 0.0 0.0 0.0 0.0 0.0 0.0 0.0 0.0 0.0 0.0 0.035 0.0 0.0 0.065 0.0 0.0 0.0 0.005 0.23 0.0 0.0 0.015 0.0 0.4 0.005 0.035 0.036 0.1615 0.074999996 0.012 0.056 0.012 3.0295 43.5 5648.5 0.0 
5	0.295 0.083333336 1.3825 0.015833333 0.88583326 0.0 0.054166663 0.0 0.4958333 0.6858333 0.0 0.033333335 0.0 0.0 0.0 0.065 0.0 0.0 0.295 0.7258334 0.40083334 0.0 0.0 0.033333335 0.27833334 0.0 0.12166667 0.04 0.0 0.048333332 0.0 0.0 0.0 0.031666666 0.0 0.0 0.048333332 0.0 0.0 0.0 0.0 0.0 0.0 0.0 0.0 0.0 0.0 0.0 0.0 0.007333333 0.0 0.7638333 0.18825 0.0025 537.20825 1405.5834 1442.75 0.9166667 
6	0.141626 0.12658541 0.28000003 0.15878047 0.27536592 0.09308944 0.055934973 0.13593496 0.27756098 0.35569116 0.09674797 0.51902443 0.17479675 0.15552843 0.08121951 0.3111382 0.16138214 0.21138214 1.5809753 0.12341466 0.8900812 0.7457723 0.19447152 0.18365851 0.3587805 0.13731708 0.01211382 0.011626015 0.006016261 0.016747966 0.013170732 7.317073E-4 0.079756096 0.0017886179 0.051300813 0.05918699 0.14268292 0.0043089427 0.017317072 0.03333333 0.012682928 0.021219509 0.0052845525 0.01504065 0.041056912 0.06430894 0.010243901 0.022601625 0.03681301 0.1336748 0.02673171 0.24164227 0.16563414 0.1126504 5.9125843 111.61789 1549.3903 0.63414633 
7	0.14809813 0.17464338 0.37036464 0.2610935 0.36052307 0.13445322 0.13484949 0.14621234 0.27858964 0.3805706 0.091505535 0.69164836 0.1202694 0.0933122 0.0917908 0.27591133 0.21179076 0.2221237 1.6541673 0.14809825 1.0860063 0.40361336 0.15530893 0.17034861 0.55870056 0.13811411 0.04087163 0.019603806 0.014278921 0.023565765 0.025103007 0.0048335977 0.076957226 0.00548336 0.05007925 0.050839946 0.11816163 0.017210778 0.02404121 0.053280517 0.023470683 0.054722674 0.015689382 0.011711569 0.06486529 0.07800317 0.0073692547 0.022393025 0.08083515 0.14048809 0.020700475 0.4156088 0.15736625 0.068326496 7.2707777 103.18225 634.3946 0.63232964 
8	0.19041099 0.24780822 0.6350684 0.12547944 0.58534235 0.50369865 0.25657538 0.18150687 0.5606849 0.52712345 0.25506857 0.76835626 0.23013704 0.23506849 0.9405479 0.30821916 0.20986299 0.75890416 1.9720553 0.7038355 1.2413698 0.08438357 0.5956164 0.22369857 0.0012328768 0.0012328768 0.0 0.0 0.0 0.0 0.0 0.0 0.004931507 0.0 0.0065753427 0.0012328768 0.009041095 0.0 0.0012328768 0.03767123 0.0 0.0 0.0850685 0.010958903 0.049315054 0.034246575 0.0 0.0 0.009698629 0.09436987 0.0010273973 0.40480822 0.21798629 0.038657535 16.512892 662.8493 1527.1644 1.0 
9	0.3 0.15226416 0.2918868 0.08377358 0.07773584 0.10358492 0.020377358 0.13773586 0.23320751 0.40547183 0.14339623 0.6218868 0.32962263 0.6430189 0.025094336 0.1560378 0.27037737 0.120754726 1.8579246 0.04264151 0.85018855 0.02962264 0.43094346 0.2854717 0.13301887 0.10377359 0.005094339 0.0016981133 0.0022641511 0.0033962266 0.0 0.0 0.34754717 0.0 0.0 0.034339625 0.23452829 0.0022641511 0.005849057 0.033018865 0.016226415 0.007924528 0.005849057 0.016226413 0.050943393 0.046981126 0.008867924 0.054150946 0.035679247 0.12045284 0.008283018 0.24356605 0.35533962 0.084566034 6.4354143 204.84906 3154.6038 0.754717 
