0	0.089285724 0.23088637 0.2496757 0.022641996 0.3007746 0.079850845 0.107068285 0.08936893 0.03458405 0.19471596 0.043066557 0.5163887 0.08004878 0.038516916 0.023235796 0.24027832 0.11290592 0.1652639 1.6708827 0.048126798 0.73868877 0.023582906 0.070140556 0.072756745 0.57496244 0.30552486 0.9999426 0.15644288 0.12497989 0.12755018 0.07815833 0.06027539 0.103063636 0.060923707 0.124632806 0.11281403 0.13727768 0.014047619 0.09636262 0.07073437 0.050266784 0.16089214 0.053895578 0.09905909 0.37455276 0.2030695 0.004520941 0.03423982 0.021968156 0.13711669 0.016120197 0.23903301 0.049374342 0.031977918 2.482271 17.213139 80.87808 0.3118187 
1	0.19 0.0 0.38 0.0 0.0 0.19 0.0 0.0 0.0 0.0 0.19 0.19 0.0 0.0 0.0 0.38 0.0 0.19 1.14 0.0 0.38 0.0 0.0 0.0 0.0 0.0 0.0 0.0 0.0 0.0 0.0 0.0 0.0 0.0 0.0 0.0 0.0 0.0 0.0 0.0 0.0 0.0 0.0 0.0 0.0 0.0 0.0 0.0 0.01 0.01 0.0 0.0 0.0 0.003 2.383 21.0 15841.0 1.0 
2	0.0 0.0 0.0 0.04 0.0 0.0 0.0 0.0 0.0 0.0 0.0 0.0 0.0 0.0 0.0 0.02 0.0 0.0 0.02 0.0 0.0 0.0 0.0 0.0 0.0 0.0 0.0 0.0 0.0 0.0 0.0 0.0 0.0 0.0 0.0 0.0 0.0 0.0 0.0 0.0 0.0 0.0 0.0 0.0 0.0 0.0 0.0 0.0 1.024 9.752 0.003 1.542 1.785 1.998 239.571 9989.0 10062.0 1.0 
3	0.096666664 0.013333333 0.2 0.0 0.15333332 0.13333334 0.0 0.096666664 0.096666664 0.31333333 0.060000002 0.07333333 0.120000005 0.0 0.06333333 0.013333333 0.13 0.06333333 0.62666667 0.013333333 0.27666667 3.1766665 0.23 0.18333334 0.0 0.0 0.0 0.0 0.0 0.0 0.0 0.0 0.0 0.046666667 0.0 0.013333333 0.0 0.0 0.026666665 0.0 0.0 0.0 0.0 0.0 0.06333333 0.0 0.0 0.0 0.37233332 0.095 0.0139999995 0.14 0.030000001 0.0036666666 15.187667 493.0 9113.667 1.0 
4	0.005 0.005 0.035 0.0 0.025 0.0 0.0 0.005 0.015 0.065 0.025 0.0 0.0 0.025 0.0 0.0 0.005 0.035 0.005 0.0 0.005 0.0 0.0 0.0 0.0 0.0 0.0 0.0 0.0 0.0 0.0 0.0 0.035 0.0 0.0 0.065 0.0 0.0 0.0 0.005 0.23 0.0 0.0 0.015 0.0 0.4 0.005 0.035 0.036 0.1615 0.074999996 0.012 0.056 0.012 3.0295 43.5 5648.5 0.0 
5	0.269375 0.17125 1.0824999 0.011875 0.97 0.064375 0.13437499 0.12 0.464375 1.013125 0.050625 0.241875 0.048125 0.0 0.203125 0.185 0.04625 0.16 0.88625 0.57187504 0.985 0.0 0.14750001 0.08 0.20875001 0.0 0.09125 0.03 0.0 0.03625 0.0 0.0 0.0 0.02375 0.0 0.0 0.054375 0.0 0.0 0.073125 0.0 0.0 0.0 0.0 0.0 0.0 0.0 0.0 0.0 0.01825 0.0 0.6551251 0.1771875 0.0031875 426.51038 1302.6875 1449.0625 0.9375 
6	0.15207133 0.18439293 0.44339284 0.153 0.35767844 0.22046424 0.11792857 0.17478569 0.40664288 0.4999643 0.13099997 0.63692826 0.14653565 0.11267858 0.32360715 0.29821414 0.13503572 0.440393 1.5714995 0.33735704 1.1279645 0.6630357 0.26339278 0.18167858 0.29464293 0.10885714 0.019428575 0.014607144 0.004357143 0.014857142 0.01567857 0.001 0.070142865 0.0021428573 0.07635716 0.030214285 0.10621426 0.0030357142 0.017464284 0.028821431 0.005821429 0.019142857 0.02510714 0.011464285 0.04035715 0.036571432 0.0064999997 0.022035714 0.036710717 0.12046071 0.031353574 0.37120706 0.1666785 0.088664256 9.139259 234.29286 1160.1 0.75357145 
7	0.13285507 0.14371309 0.34881872 0.24531645 0.35836852 0.12593533 0.16087209 0.15004219 0.20255983 0.31507748 0.10033758 0.631336 0.11168773 0.064135015 0.061940935 0.27929693 0.27486628 0.18689181 1.6465827 0.16481009 1.0260336 0.38333324 0.15098447 0.13773555 0.5823348 0.16551337 0.0524332 0.03419128 0.025232071 0.03216597 0.029142058 0.008537271 0.065189876 0.009268636 0.04025316 0.058762304 0.14621656 0.014880449 0.027960617 0.05572434 0.030717297 0.059170205 0.022967651 0.020000005 0.09029539 0.14347398 0.009690577 0.023783406 0.11944723 0.14893246 0.016613225 0.36735162 0.1302405 0.07951477 6.925232 80.75809 478.699 0.59353024 
8	0.2374546 0.20854545 0.30709094 0.005272727 0.24672732 0.08727274 0.031272724 0.15236364 0.31618184 0.40545455 0.16018185 0.54963636 0.27490908 0.48145458 0.110000014 0.25963637 0.26999998 0.16399999 1.8892728 0.052727275 0.8438181 0.11163637 0.31581816 0.28054547 0.3563636 0.090363644 0.0027272725 0.0018181817 0.0030909092 0.014363637 0.0065454547 0.0 0.13709092 0.0 0.009636363 0.06436363 0.15836363 0.0049090907 0.012545454 0.037272725 0.019090908 0.004181818 0.011818182 0.016 0.045272723 0.082727276 0.0021818182 0.033272725 0.039436366 0.11303637 0.016709091 0.27580002 0.3034909 0.079690896 6.841235 287.52728 2168.8909 0.6727273 
9	0.32391304 0.1552174 0.29369566 0.09369565 0.07586955 0.1128261 0.020869568 0.14565217 0.2352174 0.41673917 0.15347826 0.6632608 0.3571739 0.69108695 0.027173908 0.16478264 0.28739128 0.12347827 1.9728262 0.048695646 0.911087 0.03413043 0.4704348 0.3052174 0.09717391 0.061739128 0.0052173915 0.0015217392 0.002173913 0.0039130435 0.0 0.0 0.3145652 0.0 0.0 0.027608698 0.18021739 0.001521739 0.0067391307 0.017391305 0.015217391 0.007826087 0.004565217 0.015652172 0.04478261 0.04065218 0.009782609 0.049782608 0.028326089 0.112847835 0.0044782613 0.26008698 0.34567395 0.09204346 5.5680003 191.04347 3245.1086 0.7826087 
