0	0.097364776 0.2142 0.2692711 0.062145352 0.30999294 0.08849319 0.1153216 0.10164846 0.07238453 0.2222962 0.054638974 0.5357074 0.086271204 0.04334572 0.03227071 0.24805397 0.14025295 0.17437668 1.6590403 0.07023681 0.78942406 0.094455525 0.08464359 0.08601113 0.5751917 0.27875325 0.8187906 0.13288827 0.10548871 0.10925932 0.0685976 0.05026004 0.097522564 0.050949614 0.11060601 0.10190147 0.13921519 0.013868122 0.08338986 0.06735083 0.04610866 0.14066865 0.047592286 0.08369396 0.3189533 0.18943821 0.0054121204 0.03273741 0.038840033 0.13862778 0.016833981 0.2633172 0.06582289 0.040876932 3.263797 29.113304 169.37892 0.36707684 
1	0.19 0.0 0.38 0.0 0.0 0.19 0.0 0.0 0.0 0.0 0.19 0.19 0.0 0.0 0.0 0.38 0.0 0.19 1.14 0.0 0.38 0.0 0.0 0.0 0.0 0.0 0.0 0.0 0.0 0.0 0.0 0.0 0.0 0.0 0.0 0.0 0.0 0.0 0.0 0.0 0.0 0.0 0.0 0.0 0.0 0.0 0.0 0.0 0.01 0.01 0.0 0.0 0.0 0.003 2.383 21.0 15841.0 1.0 
2	0.0 0.0 0.0 0.04 0.0 0.0 0.0 0.0 0.0 0.0 0.0 0.0 0.0 0.0 0.0 0.02 0.0 0.0 0.02 0.0 0.0 0.0 0.0 0.0 0.0 0.0 0.0 0.0 0.0 0.0 0.0 0.0 0.0 0.0 0.0 0.0 0.0 0.0 0.0 0.0 0.0 0.0 0.0 0.0 0.0 0.0 0.0 0.0 1.024 9.752 0.003 1.542 1.785 1.998 239.571 9989.0 10062.0 1.0 
3	0.096666664 0.013333333 0.2 0.0 0.15333334 0.13333334 0.0 0.096666664 0.096666664 0.31333333 0.06 0.07333333 0.120000005 0.0 0.06333333 0.013333333 0.13 0.06333333 0.62666667 0.013333333 0.27666667 3.1766665 0.23 0.18333334 0.0 0.0 0.0 0.0 0.0 0.0 0.0 0.0 0.0 0.046666667 0.0 0.013333333 0.0 0.0 0.026666665 0.0 0.0 0.0 0.0 0.0 0.06333333 0.0 0.0 0.0 0.37233332 0.095 0.0139999995 0.14 0.030000001 0.0036666666 15.187665 493.0 9113.667 1.0 
4	0.005 0.005 0.035 0.0 0.025 0.0 0.0 0.005 0.015 0.065 0.025 0.0 0.0 0.025 0.0 0.0 0.005 0.035 0.005 0.0 0.005 0.0 0.0 0.0 0.0 0.0 0.0 0.0 0.0 0.0 0.0 0.0 0.035 0.0 0.0 0.065 0.0 0.0 0.0 0.005 0.23 0.0 0.0 0.015 0.0 0.4 0.005 0.035 0.036 0.1615 0.074999996 0.012 0.056 0.012 3.0295 43.5 5648.5 0.0 
5	0.195 0.5 0.4 0.095 0.58 0.0 0.0 0.0 0.39 0.19 0.0 0.2 0.0 0.0 0.0 0.1 0.0 0.0 0.195 0.19 0.39 0.0 0.0 0.2 0.095 0.0 0.0 0.095 0.0 0.0 0.0 0.0 0.0 0.19 0.0 0.0 0.0 0.0 0.0 0.0 0.0 0.0 0.0 0.0 0.0 0.0 0.0 0.0 0.0 0.035 0.0 0.4155 0.72950006 0.015 1062.0 2123.0 2124.0 1.0 
6	0.2345946 0.1806757 0.2874324 0.06081081 0.16472974 0.085270286 0.03486486 0.12945947 0.26094598 0.36783788 0.14040542 0.58743244 0.26351354 0.52608097 0.04297297 0.19702706 0.24216217 0.101891905 1.7872975 0.027972972 0.82500005 0.104189195 0.3663513 0.23594594 0.3244595 0.10554054 0.0051351353 0.0022972974 0.003243243 0.012972974 0.004864865 0.0 0.2764865 0.0 0.0051351353 0.053378377 0.21864866 0.0045945947 0.011081081 0.014999999 0.022837836 0.0067567565 0.00945946 0.018513512 0.043108094 0.08405405 0.0047297296 0.047972977 0.042121626 0.11560809 0.015175674 0.22581077 0.31112158 0.082567565 5.278514 141.27026 2567.6758 0.6351351 
7	0.17770053 0.20401068 0.5412835 0.1531016 0.45582876 0.2719251 0.13957217 0.1724599 0.39882362 0.5457754 0.1282353 0.6717644 0.15631016 0.13278075 0.44155088 0.3003208 0.13117647 0.46304816 1.6526196 0.4626737 1.2665236 0.71438503 0.3508556 0.18032089 0.14256683 0.0675401 0.018449197 0.009090908 0.002673797 0.008930482 0.0113368975 0.0 0.028021391 6.9518713E-4 0.043743316 0.026363635 0.072299466 0.0035828878 0.008181818 0.030053468 5.8823527E-4 0.013048126 0.034331553 0.012192513 0.040320843 0.023101602 0.0062032086 0.0077005336 0.024144389 0.112026736 0.022898396 0.40239015 0.15912837 0.0911604 36.42386 405.83423 1293.0214 0.82887703 
8	0.4681818 0.33545458 0.30090907 0.0 0.16181818 0.030000001 0.0054545454 0.24000001 0.5109091 0.8145454 0.25363633 0.53636366 0.56 0.89 0.08090908 0.16636364 0.44818184 0.13272728 2.8872726 0.008181819 1.3499999 0.0 0.60636365 0.55909085 0.0 0.0 0.0 0.0 0.0 0.0 0.0 0.0 0.0 0.0 0.0054545454 0.02909091 0.0 0.0 0.015454546 0.1 0.0 0.0 0.0 0.0 0.06181818 0.0 0.0 0.0 0.016818183 0.07709091 0.0 0.4267273 0.5360909 0.097636364 13.896546 859.0 2507.4546 1.0 
9	0.3907692 0.096923076 0.29999998 0.0 0.04 0.1553846 0.003076923 0.14538461 0.15615384 0.34 0.18 0.71384615 0.41153845 0.7269231 0.043846153 0.25923076 0.3223077 0.22538462 1.9492308 0.16384615 0.84000003 0.0 0.2330769 0.3846154 0.0046153846 0.0 7.6923077E-4 0.0 0.0023076923 7.6923077E-4 0.0 0.0 0.11923078 0.0 0.0 0.017692307 0.06307692 0.0 7.6923077E-4 0.029230772 0.0046153846 0.0069230767 0.0 0.017692307 0.046153847 0.009230769 0.016923077 0.043846153 0.012153847 0.1396923 1.5384617E-4 0.34 0.24484617 0.091230765 4.360692 233.84616 3517.3076 0.9230769 
