0	0.09155994 0.22381936 0.25743762 0.027464485 0.30404198 0.08259453 0.11642992 0.095746465 0.04036181 0.20278482 0.04859823 0.51464516 0.08086571 0.037882596 0.02387831 0.24521846 0.12839188 0.17043424 1.6694014 0.06165371 0.7574909 0.05246583 0.07562583 0.07450551 0.568491 0.2978342 0.9385365 0.15018223 0.11936208 0.12247922 0.07529347 0.0571777 0.09912351 0.057863843 0.12022514 0.10901895 0.14051194 0.013428036 0.092556976 0.06866256 0.048541944 0.15291075 0.052404173 0.094937004 0.35865483 0.20435551 0.0050013405 0.03424015 0.031143118 0.13741086 0.016293488 0.24407476 0.054325107 0.03741597 2.8412628 20.770304 97.11043 0.33074242 
1	0.19 0.0 0.38 0.0 0.0 0.19 0.0 0.0 0.0 0.0 0.19 0.19 0.0 0.0 0.0 0.38 0.0 0.19 1.14 0.0 0.38 0.0 0.0 0.0 0.0 0.0 0.0 0.0 0.0 0.0 0.0 0.0 0.0 0.0 0.0 0.0 0.0 0.0 0.0 0.0 0.0 0.0 0.0 0.0 0.0 0.0 0.0 0.0 0.01 0.01 0.0 0.0 0.0 0.003 2.383 21.0 15841.0 1.0 
2	0.0 0.0 0.0 0.04 0.0 0.0 0.0 0.0 0.0 0.0 0.0 0.0 0.0 0.0 0.0 0.02 0.0 0.0 0.02 0.0 0.0 0.0 0.0 0.0 0.0 0.0 0.0 0.0 0.0 0.0 0.0 0.0 0.0 0.0 0.0 0.0 0.0 0.0 0.0 0.0 0.0 0.0 0.0 0.0 0.0 0.0 0.0 0.0 1.024 9.752 0.003 1.542 1.785 1.998 239.571 9989.0 10062.0 1.0 
3	0.096666664 0.013333333 0.2 0.0 0.15333332 0.13333334 0.0 0.096666664 0.096666664 0.31333333 0.060000002 0.07333333 0.120000005 0.0 0.06333333 0.013333333 0.13 0.06333333 0.62666667 0.013333333 0.27666667 3.1766665 0.23 0.18333334 0.0 0.0 0.0 0.0 0.0 0.0 0.0 0.0 0.0 0.046666667 0.0 0.013333333 0.0 0.0 0.026666665 0.0 0.0 0.0 0.0 0.0 0.06333333 0.0 0.0 0.0 0.37233332 0.095 0.0139999995 0.14 0.030000001 0.0036666666 15.187667 493.0 9113.667 1.0 
4	0.005 0.005 0.035 0.0 0.025 0.0 0.0 0.005 0.015 0.065 0.025 0.0 0.0 0.025 0.0 0.0 0.005 0.035 0.005 0.0 0.005 0.0 0.0 0.0 0.0 0.0 0.0 0.0 0.0 0.0 0.0 0.0 0.035 0.0 0.0 0.065 0.0 0.0 0.0 0.005 0.23 0.0 0.0 0.015 0.0 0.4 0.005 0.035 0.036 0.1615 0.074999996 0.012 0.056 0.012 3.0295 43.5 5648.5 0.0 
5	0.2805556 0.23555557 1.0877779 0.010555555 0.90333325 0.05722222 0.11944445 0.14777777 0.45388883 1.11 0.08611111 0.50888896 0.042777777 0.04111111 0.18055555 0.20555556 0.04111111 0.14222223 1.0394444 0.5083333 1.3788888 0.0 0.17222221 0.07111111 0.18555556 0.0 0.08111111 0.026666665 0.0 0.032222223 0.0 0.0 0.0 0.02111111 0.0 0.0 0.06888889 0.0 0.0 0.065 0.0 0.0 0.0 0.0 0.0 0.0 0.0 0.0 0.0 0.038055554 0.0 0.7208889 0.17933334 0.010055555 385.8539 1251.6666 1399.0555 0.9444444 
6	0.11481713 0.1329268 0.42231703 0.17457318 0.3933536 0.27225617 0.13993904 0.13475612 0.3709756 0.33664644 0.13762195 0.56756085 0.15292685 0.11085366 0.4404878 0.314817 0.1413415 0.4625001 1.5268294 0.42810965 0.8686585 0.6290244 0.31317076 0.1560976 0.20432924 0.09731707 0.014695121 0.009329268 0.004390244 0.011463414 0.016585367 5.487805E-4 0.056097567 0.0013414634 0.04640244 0.0377439 0.108841464 0.0028658535 0.011280488 0.032134138 0.007378049 0.0153048765 0.040426828 0.014024388 0.04396341 0.05414633 0.0073780483 0.021829266 0.028792692 0.12537803 0.019036587 0.270561 0.1461037 0.085871935 7.2486706 280.60367 1379.8964 0.7256098 
7	0.14868452 0.1707419 0.36155146 0.27856663 0.3502362 0.13264754 0.10689717 0.14989881 0.28315347 0.38639116 0.091736935 0.70222604 0.12376053 0.08704892 0.0961214 0.26411477 0.2140978 0.21037108 1.6224954 0.13593596 1.0902026 0.4147723 0.15861715 0.16831367 0.5882631 0.14676222 0.04134907 0.02020236 0.015025293 0.0223946 0.024097802 0.0051433393 0.0822597 0.005834739 0.048094444 0.054047223 0.12231027 0.016846545 0.023322092 0.05623948 0.028532881 0.05961215 0.015868464 0.011096122 0.060826313 0.086374365 0.007841484 0.019342324 0.08730687 0.14472339 0.022458691 0.40964264 0.14336768 0.06717369 7.238026 101.90556 640.457 0.6222597 
8	0.2857143 0.25071427 0.30952382 0.0045238095 0.23095238 0.07047617 0.038571425 0.15666665 0.37499997 0.48547617 0.18880953 0.5392858 0.34357142 0.6195239 0.08023809 0.2397619 0.29785717 0.114999995 2.231905 0.03476191 1.0145236 0.04 0.34904766 0.34452382 0.4064286 0.09476191 0.0014285713 4.7619047E-4 9.5238094E-4 0.007857143 0.0 0.0 0.11904762 0.0 0.0073809517 0.04904762 0.14190476 0.0026190474 0.008809524 0.036190476 0.012142857 0.0038095238 0.007857142 0.012857142 0.053809516 0.051190473 0.0016666667 0.034999996 0.03014286 0.10404762 0.011285715 0.31276193 0.38152382 0.08507143 7.3668814 314.5238 2285.762 0.78571427 
9	0.32391307 0.15521742 0.29369566 0.09369565 0.07586956 0.11282609 0.020869566 0.14565217 0.2352174 0.41673923 0.15347825 0.66326094 0.3571739 0.69108695 0.02717391 0.16478261 0.2873913 0.123478256 1.9728264 0.048695654 0.91108704 0.03413043 0.47043476 0.30521744 0.09717391 0.061739128 0.0052173915 0.0015217392 0.0021739132 0.0039130435 0.0 0.0 0.3145652 0.0 0.0 0.027608695 0.18021739 0.0015217392 0.0067391307 0.017391304 0.015217391 0.007826087 0.0045652175 0.015652172 0.0447826 0.04065218 0.009782609 0.049782608 0.028326087 0.11284785 0.0044782604 0.26008692 0.3456739 0.092043474 5.5680003 191.04347 3245.1086 0.7826087 
