0	0.09641429 0.2142761 0.2637309 0.049685713 0.309869 0.08709526 0.11533096 0.100528546 0.06253099 0.21206664 0.052076194 0.53476727 0.08535478 0.043166667 0.02849762 0.24501169 0.13993089 0.1686215 1.6640346 0.06719522 0.7831329 0.09015712 0.08319047 0.08312858 0.57952386 0.2818572 0.83890504 0.13587615 0.1080976 0.1112976 0.07002854 0.051519047 0.09780709 0.05215714 0.11031428 0.1039928 0.13891189 0.014059525 0.084828585 0.06829048 0.04697143 0.14344998 0.048604757 0.08551188 0.32590526 0.1925096 0.0054071434 0.032904766 0.038936194 0.13890406 0.016435705 0.25738755 0.062070772 0.040301412 3.1499827 26.559286 149.7519 0.35714287 
1	0.19 0.0 0.38 0.0 0.0 0.19 0.0 0.0 0.0 0.0 0.19 0.19 0.0 0.0 0.0 0.38 0.0 0.19 1.14 0.0 0.38 0.0 0.0 0.0 0.0 0.0 0.0 0.0 0.0 0.0 0.0 0.0 0.0 0.0 0.0 0.0 0.0 0.0 0.0 0.0 0.0 0.0 0.0 0.0 0.0 0.0 0.0 0.0 0.01 0.01 0.0 0.0 0.0 0.003 2.383 21.0 15841.0 1.0 
2	0.0 0.0 0.0 0.04 0.0 0.0 0.0 0.0 0.0 0.0 0.0 0.0 0.0 0.0 0.0 0.02 0.0 0.0 0.02 0.0 0.0 0.0 0.0 0.0 0.0 0.0 0.0 0.0 0.0 0.0 0.0 0.0 0.0 0.0 0.0 0.0 0.0 0.0 0.0 0.0 0.0 0.0 0.0 0.0 0.0 0.0 0.0 0.0 1.024 9.752 0.003 1.542 1.785 1.998 239.571 9989.0 10062.0 1.0 
3	0.096666664 0.013333333 0.2 0.0 0.15333332 0.13333334 0.0 0.096666664 0.096666664 0.31333333 0.060000002 0.07333333 0.120000005 0.0 0.06333333 0.013333333 0.13 0.06333333 0.62666667 0.013333333 0.27666667 3.1766665 0.23 0.18333334 0.0 0.0 0.0 0.0 0.0 0.0 0.0 0.0 0.0 0.046666667 0.0 0.013333333 0.0 0.0 0.026666665 0.0 0.0 0.0 0.0 0.0 0.06333333 0.0 0.0 0.0 0.37233332 0.095 0.0139999995 0.14 0.030000001 0.0036666666 15.187667 493.0 9113.667 1.0 
4	0.005 0.005 0.035 0.0 0.025 0.0 0.0 0.005 0.015 0.065 0.025 0.0 0.0 0.025 0.0 0.0 0.005 0.035 0.005 0.0 0.005 0.0 0.0 0.0 0.0 0.0 0.0 0.0 0.0 0.0 0.0 0.0 0.035 0.0 0.0 0.065 0.0 0.0 0.0 0.005 0.23 0.0 0.0 0.015 0.0 0.4 0.005 0.035 0.036 0.1615 0.074999996 0.012 0.056 0.012 3.0295 43.5 5648.5 0.0 
5	0.195 0.5 0.4 0.095 0.58 0.0 0.0 0.0 0.39 0.19 0.0 0.2 0.0 0.0 0.0 0.1 0.0 0.0 0.195 0.19 0.39 0.0 0.0 0.2 0.095 0.0 0.0 0.095 0.0 0.0 0.0 0.0 0.0 0.19 0.0 0.0 0.0 0.0 0.0 0.0 0.0 0.0 0.0 0.0 0.0 0.0 0.0 0.0 0.0 0.035 0.0 0.4155 0.72950006 0.015 1062.0 2123.0 2124.0 1.0 
6	0.20911112 0.18 0.27244446 0.1 0.17866667 0.07511108 0.036222223 0.116888866 0.25644442 0.34711108 0.12933333 0.51311105 0.24155557 0.44377777 0.02355555 0.2 0.23133333 0.094 1.696 0.023555556 0.7737778 0.12244445 0.24111114 0.22711112 0.40022224 0.10533333 0.0044444446 0.0017777777 0.0046666665 0.011111111 0.0 0.0 0.29955557 0.0 0.0055555557 0.06488889 0.262 0.0028888884 0.007333333 0.018888889 0.030444445 0.007333333 0.009777778 0.02022222 0.047999993 0.123555556 0.0042222217 0.06533333 0.053155556 0.1204889 0.020044444 0.23264444 0.2767333 0.07413333 4.999689 119.2 2351.1777 0.5777778 
7	0.15946124 0.20444444 0.51952857 0.29498318 0.3928282 0.2230303 0.1266667 0.1605724 0.4161618 0.55148166 0.13824914 0.635825 0.14117843 0.10218855 0.3355556 0.3256902 0.14077444 0.43582508 1.5568349 0.3616162 1.1545794 0.5477104 0.27070707 0.18265997 0.2426936 0.10148148 0.022222223 0.011548821 0.0027946127 0.017138045 0.012828284 3.030303E-4 0.049663298 0.0017171716 0.07195286 0.025656566 0.10373737 0.005084175 0.015925925 0.027272722 0.004781145 0.01956229 0.024713801 0.012323231 0.042087547 0.039360266 0.0059259254 0.014713802 0.02860943 0.119111106 0.026390567 0.43001002 0.17653535 0.081441075 25.19708 297.59933 1171.1145 0.7912458 
8	0.40266666 0.30600002 0.318 0.0 0.44666666 0.065999985 0.07533333 0.25533336 0.48533335 1.0419999 0.23199998 0.5873334 0.48933333 0.73866665 0.32533342 0.20000002 0.36133334 0.22466666 2.862 0.027333332 1.5580001 0.0 0.6140001 0.50333333 0.0 0.0 0.0 0.0 0.0 0.0 0.0 0.0 0.0 0.0 0.0039999997 0.021333333 0.0 0.0 0.011333333 0.13599999 0.0 0.0 0.007999999 0.0 0.051333327 0.0039999997 0.0 0.0 0.013399999 0.071266666 0.0 0.4334667 0.45886663 0.081133336 22.881666 836.86664 2382.1333 1.0 
9	0.35485712 0.1617143 0.29857144 0.0 0.05742858 0.12114285 0.020000003 0.14742859 0.23571429 0.41057146 0.1642857 0.70857143 0.37657142 0.77114284 0.025999999 0.18657145 0.29399997 0.12314284 2.0945716 0.06371428 0.9557143 0.03657143 0.4891429 0.332 0.11399999 0.06714285 0.004857143 8.5714285E-4 0.0017142857 0.0051428573 0.0 0.0 0.236 0.0 0.0 0.019714287 0.11685715 0.0014285713 0.0051428573 0.013714287 0.0108571425 0.007428571 0.0017142857 0.017999997 0.043142855 0.02057143 0.010857142 0.03 0.018199999 0.113542855 0.0040285713 0.2704857 0.36842856 0.09905714 5.340801 182.05714 3323.1714 0.85714287 
