0	0.091686554 0.22433136 0.25713578 0.027739575 0.30295083 0.08148894 0.112206295 0.09561454 0.039564136 0.20282082 0.048207898 0.51396894 0.08103682 0.038175408 0.02390362 0.24503249 0.12827832 0.16922577 1.669807 0.0601137 0.75666714 0.052382246 0.07537898 0.07436114 0.5707417 0.29934472 0.94723046 0.15002164 0.1201218 0.12290469 0.075611785 0.057436384 0.099972874 0.058129396 0.1206145 0.10935833 0.14118843 0.013308067 0.09270171 0.068868436 0.049028154 0.15376016 0.05262046 0.095860854 0.36044428 0.20556319 0.0050514354 0.03432052 0.03126664 0.1374044 0.016395237 0.24368675 0.054412007 0.037464537 2.8106663 20.213049 94.3013 0.3275582 
1	0.19 0.0 0.38 0.0 0.0 0.19 0.0 0.0 0.0 0.0 0.19 0.19 0.0 0.0 0.0 0.38 0.0 0.19 1.14 0.0 0.38 0.0 0.0 0.0 0.0 0.0 0.0 0.0 0.0 0.0 0.0 0.0 0.0 0.0 0.0 0.0 0.0 0.0 0.0 0.0 0.0 0.0 0.0 0.0 0.0 0.0 0.0 0.0 0.01 0.01 0.0 0.0 0.0 0.003 2.383 21.0 15841.0 1.0 
2	0.0 0.0 0.0 0.04 0.0 0.0 0.0 0.0 0.0 0.0 0.0 0.0 0.0 0.0 0.0 0.02 0.0 0.0 0.02 0.0 0.0 0.0 0.0 0.0 0.0 0.0 0.0 0.0 0.0 0.0 0.0 0.0 0.0 0.0 0.0 0.0 0.0 0.0 0.0 0.0 0.0 0.0 0.0 0.0 0.0 0.0 0.0 0.0 1.024 9.752 0.003 1.542 1.785 1.998 239.571 9989.0 10062.0 1.0 
3	0.096666664 0.013333333 0.2 0.0 0.15333332 0.13333334 0.0 0.096666664 0.096666664 0.31333333 0.060000002 0.07333333 0.120000005 0.0 0.06333333 0.013333333 0.13 0.06333333 0.62666667 0.013333333 0.27666667 3.1766665 0.23 0.18333334 0.0 0.0 0.0 0.0 0.0 0.0 0.0 0.0 0.0 0.046666667 0.0 0.013333333 0.0 0.0 0.026666665 0.0 0.0 0.0 0.0 0.0 0.06333333 0.0 0.0 0.0 0.37233332 0.095 0.0139999995 0.14 0.030000001 0.0036666666 15.187667 493.0 9113.667 1.0 
4	0.005 0.005 0.035 0.0 0.025 0.0 0.0 0.005 0.015 0.065 0.025 0.0 0.0 0.025 0.0 0.0 0.005 0.035 0.005 0.0 0.005 0.0 0.0 0.0 0.0 0.0 0.0 0.0 0.0 0.0 0.0 0.0 0.035 0.0 0.0 0.065 0.0 0.0 0.0 0.005 0.23 0.0 0.0 0.015 0.0 0.4 0.005 0.035 0.036 0.1615 0.074999996 0.012 0.056 0.012 3.0295 43.5 5648.5 0.0 
5	0.28055555 0.23555557 1.0877777 0.010555555 0.90333337 0.05722222 0.11944445 0.14777778 0.4538889 1.1100001 0.08611111 0.5088889 0.042777777 0.04111111 0.18055555 0.20555556 0.04111111 0.14222223 1.0394444 0.5083333 1.378889 0.0 0.17222223 0.07111111 0.18555555 0.0 0.08111111 0.026666665 0.0 0.032222223 0.0 0.0 0.0 0.02111111 0.0 0.0 0.06888889 0.0 0.0 0.065 0.0 0.0 0.0 0.0 0.0 0.0 0.0 0.0 0.0 0.038055554 0.0 0.7208889 0.17933334 0.010055555 385.85394 1251.6666 1399.0555 0.9444444 
6	0.12951356 0.13297299 0.41427028 0.15475675 0.37999994 0.26118913 0.1414054 0.1317838 0.39708108 0.345892 0.13616219 0.5723782 0.15362161 0.106432445 0.38497293 0.29032427 0.13556759 0.44859478 1.555946 0.40724322 0.915027 0.7412432 0.30151355 0.17178383 0.21048647 0.10421622 0.014324322 0.009891892 0.0035135134 0.012486486 0.016756758 4.864865E-4 0.06086487 0.0011891891 0.06394595 0.03524324 0.11383784 0.0028108107 0.012702703 0.029891882 0.0065405415 0.018756755 0.036270272 0.01778378 0.044162158 0.04843242 0.0076756747 0.020648649 0.033416215 0.12067026 0.03131351 0.29554048 0.17011353 0.089464866 7.4988894 258.81622 1329.0973 0.7297297 
7	0.1417161 0.17283827 0.35714525 0.27259076 0.35419145 0.1344885 0.13199677 0.14877889 0.26247537 0.37544543 0.09021453 0.6989439 0.1192244 0.0830528 0.09425741 0.26778895 0.21338284 0.20937297 1.6190754 0.13678218 1.0721284 0.35201317 0.15138611 0.15963699 0.58767325 0.14711222 0.044257425 0.029422441 0.017359734 0.026089106 0.025610559 0.006947194 0.07785479 0.0076237624 0.045066014 0.056435652 0.11867992 0.017953796 0.026765676 0.0569967 0.027920788 0.0609076 0.017013203 0.00938944 0.0687954 0.08937294 0.007326733 0.020132013 0.08415345 0.14672273 0.017382836 0.3996784 0.13025248 0.06304952 7.075702 99.69472 608.23596 0.6188119 
8	0.26844448 0.23622221 0.31622222 0.004222222 0.27199998 0.07977776 0.038222216 0.15688889 0.36488888 0.45755556 0.184 0.5386666 0.3242222 0.5804445 0.11244447 0.26866668 0.29844445 0.14066671 2.1675556 0.044888888 0.96977776 0.057777777 0.36155558 0.32555553 0.37933332 0.08844444 0.002888889 4.4444442E-4 0.0024444445 0.0073333336 0.0 0.0 0.11266666 0.0 0.0068888883 0.052444443 0.13466665 0.0024444445 0.008222222 0.041111108 0.011333333 0.0035555554 0.0108888885 0.011999999 0.051999986 0.049555555 0.0015555556 0.03266667 0.028400002 0.10273334 0.018088887 0.31133333 0.36193335 0.08746667 7.4071336 315.33334 2257.6 0.7777778 
9	0.32391304 0.15521741 0.29369566 0.09369565 0.07586954 0.11282609 0.020869564 0.14565217 0.2352174 0.41673908 0.15347825 0.6632608 0.35717392 0.691087 0.02717391 0.16478264 0.28739128 0.123478256 1.9728261 0.048695646 0.91108686 0.03413043 0.4704348 0.30521742 0.09717391 0.061739128 0.005217391 0.0015217392 0.002173913 0.0039130435 0.0 0.0 0.3145652 0.0 0.0 0.027608695 0.18021737 0.001521739 0.0067391307 0.017391304 0.015217393 0.007826086 0.0045652175 0.015652174 0.04478261 0.04065218 0.0097826095 0.049782608 0.028326083 0.11284783 0.0044782604 0.26008692 0.3456739 0.092043474 5.5680003 191.04347 3245.1086 0.7826087 
