0	0.090092584 0.2275708 0.25185686 0.027955119 0.30019912 0.08168866 0.10689203 0.09023564 0.034532957 0.19514725 0.044645175 0.51538604 0.080311365 0.037879378 0.022746138 0.24238153 0.115200564 0.16673496 1.6697948 0.053534374 0.7413685 0.029063113 0.071800835 0.073624134 0.57500404 0.30352303 0.97911364 0.15382604 0.12290601 0.12576155 0.07693687 0.05906031 0.102056056 0.059778407 0.12336325 0.11166052 0.13902666 0.013789621 0.09499301 0.0693324 0.049893413 0.1581683 0.053228606 0.09723701 0.36918682 0.20672381 0.0044207578 0.033840116 0.023042643 0.13788886 0.016551193 0.24003418 0.050441504 0.03259103 2.5231354 18.22132 85.61739 0.31753156 
1	0.19 0.0 0.38 0.0 0.0 0.19 0.0 0.0 0.0 0.0 0.19 0.19 0.0 0.0 0.0 0.38 0.0 0.19 1.14 0.0 0.38 0.0 0.0 0.0 0.0 0.0 0.0 0.0 0.0 0.0 0.0 0.0 0.0 0.0 0.0 0.0 0.0 0.0 0.0 0.0 0.0 0.0 0.0 0.0 0.0 0.0 0.0 0.0 0.01 0.01 0.0 0.0 0.0 0.003 2.383 21.0 15841.0 1.0 
2	0.0 0.0 0.0 0.04 0.0 0.0 0.0 0.0 0.0 0.0 0.0 0.0 0.0 0.0 0.0 0.02 0.0 0.0 0.02 0.0 0.0 0.0 0.0 0.0 0.0 0.0 0.0 0.0 0.0 0.0 0.0 0.0 0.0 0.0 0.0 0.0 0.0 0.0 0.0 0.0 0.0 0.0 0.0 0.0 0.0 0.0 0.0 0.0 1.024 9.752 0.003 1.542 1.785 1.998 239.571 9989.0 10062.0 1.0 
3	0.096666664 0.013333333 0.2 0.0 0.15333334 0.13333334 0.0 0.096666664 0.096666664 0.31333333 0.06 0.07333333 0.120000005 0.0 0.06333333 0.013333333 0.13 0.06333333 0.62666667 0.013333333 0.27666667 3.1766665 0.23 0.18333334 0.0 0.0 0.0 0.0 0.0 0.0 0.0 0.0 0.0 0.046666667 0.0 0.013333333 0.0 0.0 0.026666665 0.0 0.0 0.0 0.0 0.0 0.06333333 0.0 0.0 0.0 0.37233332 0.095 0.0139999995 0.14 0.030000001 0.0036666666 15.187665 493.0 9113.667 1.0 
4	0.005 0.005 0.035 0.0 0.025 0.0 0.0 0.005 0.015 0.065 0.025 0.0 0.0 0.025 0.0 0.0 0.005 0.035 0.005 0.0 0.005 0.0 0.0 0.0 0.0 0.0 0.0 0.0 0.0 0.0 0.0 0.0 0.035 0.0 0.0 0.065 0.0 0.0 0.0 0.005 0.23 0.0 0.0 0.015 0.0 0.4 0.005 0.035 0.036 0.1615 0.074999996 0.012 0.056 0.012 3.0295 43.5 5648.5 0.0 
5	0.269375 0.17125 1.0825 0.011875 0.97 0.064375 0.134375 0.120000005 0.464375 1.013125 0.050625 0.241875 0.048125 0.0 0.203125 0.185 0.04625 0.16 0.88624996 0.571875 0.9849999 0.0 0.14750001 0.08 0.20875 0.0 0.09125 0.03 0.0 0.03625 0.0 0.0 0.0 0.02375 0.0 0.0 0.054375 0.0 0.0 0.073125005 0.0 0.0 0.0 0.0 0.0 0.0 0.0 0.0 0.0 0.01825 0.0 0.655125 0.1771875 0.0031875 426.51038 1302.6875 1449.0625 0.9375 
6	0.14611337 0.16489883 0.44242904 0.17344129 0.3503238 0.23643722 0.12781373 0.16121458 0.428745 0.4509313 0.13753034 0.58870417 0.1490283 0.09591093 0.34902847 0.3081376 0.13834012 0.45939296 1.5602424 0.36222675 1.0275303 0.6163968 0.28255066 0.194251 0.24740894 0.10465587 0.013846152 0.01319838 0.0039271256 0.013157895 0.013967613 7.6923077E-4 0.06445343 0.0020647773 0.0825506 0.030971665 0.10700404 0.0034412954 0.015789472 0.028582992 0.0060728746 0.020040484 0.02809716 0.012995949 0.04303644 0.041214574 0.007125506 0.020404855 0.035740893 0.1198664 0.03101214 0.3473846 0.17123888 0.08210121 8.23654 240.1255 1201.8462 0.7651822 
7	0.13687216 0.16039091 0.35395494 0.23111281 0.37099257 0.120315805 0.16240604 0.15887214 0.2247068 0.35445127 0.09777447 0.66855645 0.11484207 0.07923308 0.07270676 0.26990983 0.2736391 0.18709774 1.6499856 0.14900748 1.0881654 0.42789477 0.15015033 0.13831581 0.58625555 0.15836088 0.051969934 0.033248127 0.023624059 0.030195491 0.029834583 0.008616542 0.068451114 0.00894737 0.03652632 0.05682707 0.13562411 0.0156240575 0.027278198 0.06021051 0.029067669 0.059368428 0.02186467 0.019383457 0.08181957 0.10977441 0.010451129 0.025203004 0.121521786 0.14500454 0.015219547 0.38626754 0.13424063 0.08476694 7.6791396 88.35489 518.86017 0.6 
8	0.23745462 0.20854548 0.30709097 0.005272727 0.2467273 0.08727274 0.031272724 0.15236366 0.31618184 0.4054546 0.1601818 0.5496363 0.27490905 0.48145464 0.110000044 0.25963637 0.27 0.16400002 1.8892726 0.05272726 0.8438181 0.11163636 0.31581816 0.28054547 0.35636365 0.090363644 0.002727273 0.0018181817 0.0030909088 0.014363635 0.0065454547 0.0 0.1370909 0.0 0.009636363 0.064363636 0.15836364 0.004909091 0.012545454 0.037272725 0.01909091 0.004181818 0.01181818 0.015999999 0.045272723 0.082727276 0.0021818182 0.03327273 0.039436366 0.11303638 0.016709091 0.27580002 0.30349088 0.07969092 6.841236 287.52728 2168.8909 0.6727273 
9	0.32391304 0.15521742 0.29369563 0.09369565 0.075869545 0.11282611 0.020869566 0.14565219 0.23521738 0.41673917 0.15347825 0.66326094 0.3571739 0.69108695 0.02717391 0.16478263 0.28739128 0.12347827 1.9728262 0.048695654 0.91108686 0.03413043 0.47043484 0.30521742 0.09717391 0.061739128 0.0052173915 0.0015217392 0.002173913 0.0039130435 0.0 0.0 0.3145652 0.0 0.0 0.027608693 0.18021739 0.0015217392 0.0067391307 0.017391304 0.015217391 0.007826087 0.0045652175 0.015652172 0.04478261 0.040652175 0.009782609 0.049782608 0.028326087 0.112847835 0.004478261 0.26008692 0.3456739 0.09204346 5.5680013 191.04347 3245.1086 0.7826087 
