0	0.09160799 0.22492494 0.2552524 0.027357357 0.30192477 0.08156159 0.11190556 0.09546822 0.038924363 0.20123942 0.047406487 0.5147696 0.08045045 0.037665844 0.023693688 0.24353811 0.12637731 0.16827466 1.6696306 0.060054604 0.75382155 0.04499863 0.07454817 0.07414414 0.57296205 0.30077246 0.9545208 0.1508599 0.12102646 0.12376465 0.076008715 0.057810538 0.10059783 0.058509417 0.12125853 0.10996989 0.14174177 0.013420694 0.09303307 0.06889436 0.04918919 0.1542206 0.052828275 0.09656292 0.36271122 0.20705716 0.004681955 0.033996727 0.02798143 0.13765597 0.016452909 0.24210127 0.05408734 0.03628174 2.750912 19.797707 92.07016 0.32514334 
1	0.19 0.0 0.38 0.0 0.0 0.19 0.0 0.0 0.0 0.0 0.19 0.19 0.0 0.0 0.0 0.38 0.0 0.19 1.14 0.0 0.38 0.0 0.0 0.0 0.0 0.0 0.0 0.0 0.0 0.0 0.0 0.0 0.0 0.0 0.0 0.0 0.0 0.0 0.0 0.0 0.0 0.0 0.0 0.0 0.0 0.0 0.0 0.0 0.01 0.01 0.0 0.0 0.0 0.003 2.383 21.0 15841.0 1.0 
2	0.0 0.0 0.0 0.04 0.0 0.0 0.0 0.0 0.0 0.0 0.0 0.0 0.0 0.0 0.0 0.02 0.0 0.0 0.02 0.0 0.0 0.0 0.0 0.0 0.0 0.0 0.0 0.0 0.0 0.0 0.0 0.0 0.0 0.0 0.0 0.0 0.0 0.0 0.0 0.0 0.0 0.0 0.0 0.0 0.0 0.0 0.0 0.0 1.024 9.752 0.003 1.542 1.785 1.998 239.571 9989.0 10062.0 1.0 
3	0.096666664 0.013333333 0.2 0.0 0.15333334 0.13333334 0.0 0.096666664 0.096666664 0.31333333 0.06 0.07333333 0.120000005 0.0 0.06333333 0.013333333 0.13 0.06333333 0.62666667 0.013333333 0.27666667 3.1766665 0.23 0.18333334 0.0 0.0 0.0 0.0 0.0 0.0 0.0 0.0 0.0 0.046666667 0.0 0.013333333 0.0 0.0 0.026666665 0.0 0.0 0.0 0.0 0.0 0.06333333 0.0 0.0 0.0 0.37233332 0.095 0.0139999995 0.14 0.030000001 0.0036666666 15.187665 493.0 9113.667 1.0 
4	0.005 0.005 0.035 0.0 0.025 0.0 0.0 0.005 0.015 0.065 0.025 0.0 0.0 0.025 0.0 0.0 0.005 0.035 0.005 0.0 0.005 0.0 0.0 0.0 0.0 0.0 0.0 0.0 0.0 0.0 0.0 0.0 0.035 0.0 0.0 0.065 0.0 0.0 0.0 0.005 0.23 0.0 0.0 0.015 0.0 0.4 0.005 0.035 0.036 0.1615 0.074999996 0.012 0.056 0.012 3.0295 43.5 5648.5 0.0 
5	0.28055558 0.23555557 1.0877777 0.010555555 0.90333337 0.05722222 0.11944445 0.14777777 0.4538889 1.1099999 0.086111106 0.5088889 0.042777777 0.04111111 0.18055555 0.20555557 0.04111111 0.14222223 1.0394444 0.5083333 1.3788888 0.0 0.17222221 0.07111111 0.18555555 0.0 0.08111111 0.026666665 0.0 0.032222223 0.0 0.0 0.0 0.02111111 0.0 0.0 0.06888889 0.0 0.0 0.065 0.0 0.0 0.0 0.0 0.0 0.0 0.0 0.0 0.0 0.038055554 0.0 0.7208889 0.17933333 0.010055555 385.85394 1251.6666 1399.0555 0.9444444 
6	0.14682697 0.14221153 0.43019214 0.13841346 0.36322114 0.2605288 0.13923077 0.1448558 0.43216357 0.38394228 0.13403848 0.55769235 0.15894228 0.094711535 0.38288468 0.29562494 0.13067311 0.499952 1.5842782 0.41250008 0.94149053 0.6739423 0.31687504 0.19615385 0.21649042 0.10485576 0.014711538 0.013076922 0.0029807691 0.012067307 0.016201923 4.3269232E-4 0.053173073 0.0016346154 0.07923077 0.032788463 0.10985577 0.0025 0.013990382 0.028798074 0.0076923077 0.020673078 0.032019228 0.014711536 0.04115385 0.049807686 0.007259615 0.019086536 0.03580769 0.1175 0.03407211 0.31639412 0.17483172 0.084451914 7.4517665 252.34134 1284.2788 0.7451923 
7	0.13455875 0.17073534 0.3566668 0.27334967 0.36359486 0.12723862 0.13361117 0.14361112 0.23879094 0.36531043 0.09212418 0.6959475 0.118055515 0.08687908 0.08200978 0.2738073 0.22514705 0.18687916 1.6201799 0.12174836 1.0733982 0.3904248 0.14214052 0.14839868 0.5868299 0.14771242 0.047500007 0.030228764 0.017859478 0.026486926 0.026372544 0.0075490195 0.07519608 0.0080228755 0.039281048 0.05689543 0.11722218 0.017777776 0.02830065 0.058856204 0.027941175 0.06387255 0.018267976 0.009869283 0.07197714 0.085490204 0.009493464 0.023284316 0.10244931 0.14675488 0.015578429 0.3991898 0.12567814 0.069750026 7.231256 94.531044 579.71893 0.6111111 
8	0.2587234 0.22723404 0.30659577 0.0040425532 0.26085111 0.0768085 0.03659574 0.15063828 0.35063833 0.44148937 0.17680852 0.5270212 0.31085107 0.56000006 0.10808515 0.25723404 0.29340428 0.13978726 2.0825531 0.042978723 0.9310638 0.055319145 0.34617028 0.31170213 0.37297875 0.09042553 0.0027659573 8.510638E-4 0.0029787235 0.008297873 0.0 0.0 0.15404256 0.0 0.0065957448 0.055106387 0.14468084 0.0023404255 0.00787234 0.04148936 0.018510638 0.004893617 0.011489361 0.017446807 0.05234041 0.07595745 0.0025531915 0.032340422 0.027936166 0.10521278 0.017382976 0.30080852 0.3465319 0.083744675 7.21283 304.12766 2239.2341 0.7446808 
9	0.3239131 0.15521741 0.2936957 0.09369565 0.07586955 0.11282611 0.020869568 0.14565217 0.23521738 0.41673923 0.15347826 0.6632609 0.3571739 0.69108695 0.027173912 0.16478261 0.2873913 0.12347827 1.9728264 0.048695654 0.91108686 0.03413043 0.4704348 0.30521736 0.09717391 0.061739128 0.005217391 0.0015217392 0.002173913 0.0039130435 0.0 0.0 0.3145652 0.0 0.0 0.027608695 0.18021737 0.0015217392 0.0067391307 0.017391305 0.015217391 0.007826086 0.004565217 0.015652174 0.0447826 0.040652175 0.009782609 0.049782608 0.028326087 0.112847835 0.004478261 0.26008692 0.3456739 0.092043474 5.568 191.04347 3245.1086 0.7826087 
