0	0.09073695 0.22365214 0.25487396 0.027263613 0.30165273 0.08184779 0.11140614 0.09567328 0.038932517 0.20183425 0.048108906 0.5142213 0.0809022 0.038003244 0.023890538 0.24254946 0.12627746 0.1678434 1.6639494 0.059726365 0.75221026 0.052221626 0.07500947 0.073178 0.5736521 0.300539 0.94862086 0.15156324 0.120265484 0.12341641 0.075857475 0.057797346 0.100197725 0.058490925 0.120902196 0.11014893 0.14134926 0.013337849 0.09314551 0.06937686 0.049068004 0.15420754 0.05283933 0.09572744 0.36115178 0.20654035 0.005055541 0.034315903 0.031368457 0.13797855 0.016470063 0.24028853 0.051462736 0.037079383 2.7397037 19.628284 94.29152 0.32511514 
1	0.19 0.0 0.38 0.0 0.0 0.19 0.0 0.0 0.0 0.0 0.19 0.19 0.0 0.0 0.0 0.38 0.0 0.19 1.14 0.0 0.38 0.0 0.0 0.0 0.0 0.0 0.0 0.0 0.0 0.0 0.0 0.0 0.0 0.0 0.0 0.0 0.0 0.0 0.0 0.0 0.0 0.0 0.0 0.0 0.0 0.0 0.0 0.0 0.01 0.01 0.0 0.0 0.0 0.003 2.383 21.0 15841.0 1.0 
2	0.0 0.0 0.0 0.04 0.0 0.0 0.0 0.0 0.0 0.0 0.0 0.0 0.0 0.0 0.0 0.02 0.0 0.0 0.02 0.0 0.0 0.0 0.0 0.0 0.0 0.0 0.0 0.0 0.0 0.0 0.0 0.0 0.0 0.0 0.0 0.0 0.0 0.0 0.0 0.0 0.0 0.0 0.0 0.0 0.0 0.0 0.0 0.0 1.024 9.752 0.003 1.542 1.785 1.998 239.571 9989.0 10062.0 1.0 
3	0.096666664 0.013333333 0.2 0.0 0.15333334 0.13333334 0.0 0.096666664 0.096666664 0.31333333 0.06 0.07333333 0.120000005 0.0 0.06333333 0.013333333 0.13 0.06333333 0.62666667 0.013333333 0.27666667 3.1766665 0.23 0.18333334 0.0 0.0 0.0 0.0 0.0 0.0 0.0 0.0 0.0 0.046666667 0.0 0.013333333 0.0 0.0 0.026666665 0.0 0.0 0.0 0.0 0.0 0.06333333 0.0 0.0 0.0 0.37233332 0.095 0.0139999995 0.14 0.030000001 0.0036666666 15.187665 493.0 9113.667 1.0 
4	0.005 0.005 0.035 0.0 0.025 0.0 0.0 0.005 0.015 0.065 0.025 0.0 0.0 0.025 0.0 0.0 0.005 0.035 0.005 0.0 0.005 0.0 0.0 0.0 0.0 0.0 0.0 0.0 0.0 0.0 0.0 0.0 0.035 0.0 0.0 0.065 0.0 0.0 0.0 0.005 0.23 0.0 0.0 0.015 0.0 0.4 0.005 0.035 0.036 0.1615 0.074999996 0.012 0.056 0.012 3.0295 43.5 5648.5 0.0 
5	0.295 0.083333336 1.3824998 0.015833333 0.88583326 0.0 0.054166663 0.0 0.4958333 0.6858333 0.0 0.033333335 0.0 0.0 0.0 0.065 0.0 0.0 0.295 0.72583324 0.40083334 0.0 0.0 0.033333335 0.27833334 0.0 0.12166667 0.04 0.0 0.048333332 0.0 0.0 0.0 0.031666666 0.0 0.0 0.048333332 0.0 0.0 0.0 0.0 0.0 0.0 0.0 0.0 0.0 0.0 0.0 0.0 0.007333333 0.0 0.76383334 0.18825 0.0025 537.20825 1405.5834 1442.75 0.9166667 
6	0.14400001 0.12144826 0.26889664 0.13468966 0.26931036 0.08731034 0.055310354 0.1298621 0.28462064 0.33199996 0.095862076 0.5052415 0.16172418 0.17903446 0.071724154 0.30455166 0.14868966 0.20558617 1.502276 0.1633103 0.8305517 0.9190344 0.17772411 0.17689656 0.36786214 0.14144829 0.018965516 0.01262069 0.005103449 0.018206896 0.021379313 6.206897E-4 0.082689665 0.0015172414 0.07696551 0.053931043 0.15848276 0.0037931036 0.014689656 0.033448268 0.010758621 0.024620688 0.006137931 0.019931033 0.03882759 0.05565517 0.010137929 0.03248276 0.04184138 0.13155177 0.026337933 0.23509659 0.16085517 0.11839313 5.856441 107.38621 1462.1655 0.6068966 
7	0.14687692 0.17674756 0.37262148 0.2702751 0.3650324 0.1349353 0.1387703 0.1481877 0.2738189 0.3857605 0.09165046 0.6946602 0.1214239 0.08281552 0.093203865 0.2804047 0.22325243 0.22389974 1.6703876 0.1411327 1.1073784 0.3468932 0.15784787 0.16935274 0.5616506 0.13857606 0.039692562 0.020372167 0.016747572 0.023122974 0.024012942 0.0049352753 0.07548544 0.0055987057 0.043867324 0.051828478 0.11610035 0.017491907 0.024854368 0.0531877 0.027378637 0.057799354 0.015631068 0.010469258 0.065825246 0.08279937 0.007184466 0.019935274 0.08222005 0.14148216 0.020690938 0.4250714 0.15505673 0.06473142 7.4755116 103.415855 611.92883 0.63754046 
8	0.19041099 0.24780819 0.6350685 0.12547944 0.5853424 0.50369865 0.25657538 0.18150684 0.56068486 0.52712345 0.25506854 0.7683562 0.230137 0.23506851 0.94054776 0.3082192 0.20986298 0.75890416 1.9720548 0.7038356 1.24137 0.08438357 0.5956164 0.2236986 0.0012328768 0.0012328768 0.0 0.0 0.0 0.0 0.0 0.0 0.004931507 0.0 0.0065753423 0.0012328768 0.009041095 0.0 0.0012328768 0.037671227 0.0 0.0 0.085068494 0.010958903 0.049315054 0.03424657 0.0 0.0 0.009698629 0.094369866 0.0010273973 0.4048082 0.21798627 0.038657542 16.512892 662.8493 1527.1644 1.0 
9	0.30109093 0.15636367 0.31436363 0.08072727 0.0841818 0.10418183 0.020181818 0.134 0.23654546 0.4045455 0.14727272 0.63490915 0.32563636 0.6385456 0.024727268 0.15509096 0.2672727 0.11763637 1.9092724 0.041090906 0.8701817 0.028545454 0.42400005 0.29163638 0.12818182 0.1 0.0049090907 0.0016363636 0.0021818182 0.0032727274 0.0 0.0 0.33545455 0.0 0.0 0.03309091 0.22600001 0.0027272725 0.0056363633 0.031818178 0.015636366 0.0076363636 0.0056363638 0.015636362 0.051272716 0.045272727 0.008545455 0.05218182 0.03438182 0.11894546 0.007981818 0.24734543 0.35541815 0.084018156 6.5336714 205.2 3124.7454 0.76363635 
