0	0.09124387 0.22069442 0.257126 0.029196683 0.30639812 0.08375229 0.116962954 0.09567765 0.04485357 0.20208594 0.048792433 0.51786774 0.08142002 0.037766255 0.023780767 0.24358903 0.13180618 0.16912672 1.6701318 0.06141488 0.7592015 0.06843481 0.07737754 0.07447526 0.5687587 0.29337904 0.91139406 0.14616738 0.11654312 0.119067095 0.07506605 0.05587199 0.09853326 0.056328066 0.11784141 0.10793462 0.13990155 0.014361234 0.089911915 0.07224151 0.047996886 0.14917336 0.05159626 0.091972 0.34933186 0.19995865 0.0050634886 0.033622704 0.0348339 0.13763957 0.016354498 0.24143046 0.055116355 0.038128514 2.9272478 22.079294 108.1262 0.3358383 
1	0.19 0.0 0.38 0.0 0.0 0.19 0.0 0.0 0.0 0.0 0.19 0.19 0.0 0.0 0.0 0.38 0.0 0.19 1.14 0.0 0.38 0.0 0.0 0.0 0.0 0.0 0.0 0.0 0.0 0.0 0.0 0.0 0.0 0.0 0.0 0.0 0.0 0.0 0.0 0.0 0.0 0.0 0.0 0.0 0.0 0.0 0.0 0.0 0.01 0.01 0.0 0.0 0.0 0.003 2.383 21.0 15841.0 1.0 
2	0.0 0.0 0.0 0.04 0.0 0.0 0.0 0.0 0.0 0.0 0.0 0.0 0.0 0.0 0.0 0.02 0.0 0.0 0.02 0.0 0.0 0.0 0.0 0.0 0.0 0.0 0.0 0.0 0.0 0.0 0.0 0.0 0.0 0.0 0.0 0.0 0.0 0.0 0.0 0.0 0.0 0.0 0.0 0.0 0.0 0.0 0.0 0.0 1.024 9.752 0.003 1.542 1.785 1.998 239.571 9989.0 10062.0 1.0 
3	0.096666664 0.013333333 0.2 0.0 0.15333334 0.13333334 0.0 0.096666664 0.096666664 0.31333333 0.06 0.07333333 0.120000005 0.0 0.06333333 0.013333333 0.13 0.06333333 0.62666667 0.013333333 0.27666667 3.1766665 0.23 0.18333334 0.0 0.0 0.0 0.0 0.0 0.0 0.0 0.0 0.0 0.046666667 0.0 0.013333333 0.0 0.0 0.026666665 0.0 0.0 0.0 0.0 0.0 0.06333333 0.0 0.0 0.0 0.37233332 0.095 0.0139999995 0.14 0.030000001 0.0036666666 15.187665 493.0 9113.667 1.0 
4	0.005 0.005 0.035 0.0 0.025 0.0 0.0 0.005 0.015 0.065 0.025 0.0 0.0 0.025 0.0 0.0 0.005 0.035 0.005 0.0 0.005 0.0 0.0 0.0 0.0 0.0 0.0 0.0 0.0 0.0 0.0 0.0 0.035 0.0 0.0 0.065 0.0 0.0 0.0 0.005 0.23 0.0 0.0 0.015 0.0 0.4 0.005 0.035 0.036 0.1615 0.074999996 0.012 0.056 0.012 3.0295 43.5 5648.5 0.0 
5	0.295 0.083333336 1.3825 0.015833333 0.88583326 0.0 0.054166663 0.0 0.4958333 0.6858333 0.0 0.033333335 0.0 0.0 0.0 0.065 0.0 0.0 0.295 0.72583336 0.40083334 0.0 0.0 0.033333335 0.27833334 0.0 0.12166667 0.04 0.0 0.048333332 0.0 0.0 0.0 0.031666666 0.0 0.0 0.048333332 0.0 0.0 0.0 0.0 0.0 0.0 0.0 0.0 0.0 0.0 0.0 0.0 0.007333333 0.0 0.7638333 0.18825 0.0025 537.20825 1405.5834 1442.75 0.9166667 
6	0.15477782 0.15066668 0.29366663 0.004111111 0.26511115 0.10233337 0.054222222 0.157 0.30011106 0.33022225 0.106777765 0.49722227 0.173 0.19855556 0.08922223 0.27522224 0.19855559 0.1708889 1.5541114 0.081777774 0.7868891 0.61577773 0.24344443 0.21111111 0.34144443 0.12822223 0.007555555 0.0057777776 0.0072222212 0.013444445 0.009111112 0.0 0.101111114 0.0014444444 0.012888889 0.07511112 0.158 0.0058888886 0.010888889 0.021111112 0.011777777 0.008333334 0.0061111106 0.015000001 0.037666652 0.064666666 0.0017777777 0.025999997 0.04297778 0.14138888 0.03008889 0.21702221 0.20717776 0.10437779 5.5612226 123.04444 1747.4445 0.6111111 
7	0.15880391 0.17360787 0.38109806 0.34147063 0.3407843 0.12972553 0.09623532 0.15823531 0.30701968 0.4405884 0.100333326 0.7051766 0.1315098 0.11198039 0.11415682 0.28949037 0.19619611 0.23662753 1.5937247 0.17123532 1.1447061 0.43309805 0.15860783 0.18656875 0.5752942 0.14307842 0.021352937 0.018156862 0.009019608 0.02307843 0.014568627 0.0016862745 0.08101961 0.0040588235 0.056098036 0.045647055 0.12625492 0.009156864 0.024823532 0.025862744 0.026294118 0.062901966 0.012000001 0.012627452 0.05580394 0.08727451 0.009549018 0.023156863 0.06791566 0.14250186 0.022801967 0.45652565 0.15950193 0.07299218 7.47746 110.51961 740.651 0.65686274 
8	0.20270275 0.24445947 0.626081 0.12378378 0.5637837 0.49729738 0.25054055 0.17743243 0.54445934 0.5228379 0.25270265 0.77702713 0.25054052 0.23189192 0.90418905 0.31891894 0.21243238 0.7377027 2.040271 0.68999994 1.2585135 0.08324325 0.58756745 0.2322973 0.0012162162 0.0012162162 0.0 0.0 0.0 0.0 0.0 0.0 0.004864865 0.0 0.006486486 0.0012162162 0.008918919 0.0 0.010405405 0.036351353 0.0 0.0 0.082297295 0.010810809 0.05081079 0.032972973 0.0 0.002972973 0.009432432 0.09454054 0.0010135135 0.4154189 0.21536486 0.047054064 16.378431 656.1486 1512.7567 1.0 
9	0.30591837 0.14653064 0.29163262 0.09061225 0.07408161 0.10775512 0.019591838 0.142449 0.22775508 0.39346945 0.14408161 0.63714284 0.33530614 0.6491837 0.025918365 0.15734696 0.27244902 0.12755103 1.8785715 0.045714285 0.86061215 0.032040816 0.45102042 0.2865306 0.11979592 0.087346934 0.0055102045 0.0018367346 0.0024489793 0.0036734696 0.0 0.0 0.33183673 0.0 0.0 0.03408163 0.2120408 0.0024489795 0.0063265306 0.035306122 0.015510204 0.008163266 0.0046938774 0.017142855 0.04204081 0.044081636 0.0095918365 0.04979592 0.033306126 0.11577552 0.00789796 0.24616322 0.3252245 0.08640816 6.608836 212.36734 3211.3264 0.75510204 
