0	0.090917975 0.22353102 0.25473592 0.027248848 0.3020472 0.08180346 0.11167345 0.09594911 0.03923908 0.2020526 0.0484105 0.5145007 0.08097212 0.03798266 0.0238776 0.2427647 0.12752779 0.1677525 1.6647516 0.060021665 0.75335175 0.052193344 0.074968845 0.07336854 0.5733414 0.30037624 0.9481071 0.15148117 0.12020035 0.12334957 0.07581639 0.057766043 0.10014346 0.05845925 0.12083672 0.11008927 0.14127271 0.013330625 0.093095064 0.06933929 0.04904143 0.15412404 0.052810714 0.0956756 0.3609562 0.20642848 0.005052803 0.034297317 0.03135147 0.1379217 0.016461143 0.24045354 0.05147088 0.037059303 2.769701 19.731655 94.41023 0.32548064 
1	0.19 0.0 0.38 0.0 0.0 0.19 0.0 0.0 0.0 0.0 0.19 0.19 0.0 0.0 0.0 0.38 0.0 0.19 1.14 0.0 0.38 0.0 0.0 0.0 0.0 0.0 0.0 0.0 0.0 0.0 0.0 0.0 0.0 0.0 0.0 0.0 0.0 0.0 0.0 0.0 0.0 0.0 0.0 0.0 0.0 0.0 0.0 0.0 0.01 0.01 0.0 0.0 0.0 0.003 2.383 21.0 15841.0 1.0 
2	0.0 0.0 0.0 0.04 0.0 0.0 0.0 0.0 0.0 0.0 0.0 0.0 0.0 0.0 0.0 0.02 0.0 0.0 0.02 0.0 0.0 0.0 0.0 0.0 0.0 0.0 0.0 0.0 0.0 0.0 0.0 0.0 0.0 0.0 0.0 0.0 0.0 0.0 0.0 0.0 0.0 0.0 0.0 0.0 0.0 0.0 0.0 0.0 1.024 9.752 0.003 1.542 1.785 1.998 239.571 9989.0 10062.0 1.0 
3	0.096666664 0.013333333 0.2 0.0 0.15333334 0.13333334 0.0 0.096666664 0.096666664 0.31333333 0.06 0.07333333 0.120000005 0.0 0.06333333 0.013333333 0.13 0.06333333 0.62666667 0.013333333 0.27666667 3.1766665 0.23 0.18333334 0.0 0.0 0.0 0.0 0.0 0.0 0.0 0.0 0.0 0.046666667 0.0 0.013333333 0.0 0.0 0.026666665 0.0 0.0 0.0 0.0 0.0 0.06333333 0.0 0.0 0.0 0.37233332 0.095 0.0139999995 0.14 0.030000001 0.0036666666 15.187665 493.0 9113.667 1.0 
4	0.005 0.005 0.035 0.0 0.025 0.0 0.0 0.005 0.015 0.065 0.025 0.0 0.0 0.025 0.0 0.0 0.005 0.035 0.005 0.0 0.005 0.0 0.0 0.0 0.0 0.0 0.0 0.0 0.0 0.0 0.0 0.0 0.035 0.0 0.0 0.065 0.0 0.0 0.0 0.005 0.23 0.0 0.0 0.015 0.0 0.4 0.005 0.035 0.036 0.1615 0.074999996 0.012 0.056 0.012 3.0295 43.5 5648.5 0.0 
5	0.295 0.083333336 1.3825 0.015833333 0.8858333 0.0 0.054166663 0.0 0.4958333 0.6858334 0.0 0.033333335 0.0 0.0 0.0 0.065 0.0 0.0 0.295 0.72583336 0.40083334 0.0 0.0 0.033333335 0.2783333 0.0 0.12166667 0.04 0.0 0.048333332 0.0 0.0 0.0 0.031666666 0.0 0.0 0.048333332 0.0 0.0 0.0 0.0 0.0 0.0 0.0 0.0 0.0 0.0 0.0 0.0 0.007333333 0.0 0.76383334 0.18825002 0.0025 537.20825 1405.5834 1442.75 0.9166667 
6	0.12891306 0.118840575 0.26253626 0.14152174 0.2733333 0.0873913 0.057028987 0.1280435 0.27550727 0.3352899 0.09239132 0.48289853 0.15942031 0.17717388 0.07311596 0.3075362 0.14260872 0.207971 1.4844201 0.15007246 0.8242027 0.9656521 0.17398548 0.16391304 0.37282613 0.142029 0.01876811 0.0121739125 0.0053623193 0.017826088 0.021159422 6.5217394E-4 0.08579709 0.001594203 0.055362314 0.05666668 0.16094199 0.0039855074 0.015434784 0.031231876 0.011304348 0.018913042 0.004710145 0.020072464 0.038478263 0.05731884 0.009492752 0.03239131 0.04396377 0.13338408 0.026130442 0.2311884 0.16122465 0.12144202 5.954129 109.840576 1482.4058 0.60144925 
7	0.14929363 0.17727128 0.3740611 0.26810592 0.36093107 0.13481547 0.13595511 0.14691815 0.27489582 0.38372383 0.09081861 0.6964044 0.12210268 0.084574625 0.09295343 0.2788605 0.2166613 0.22388448 1.6677203 0.14282507 1.1000478 0.34410912 0.15940607 0.17149279 0.5601767 0.13892457 0.039630823 0.020449437 0.016613161 0.02322632 0.024109147 0.0048956666 0.07512039 0.0055537727 0.04916534 0.05141252 0.116404526 0.017351525 0.024654895 0.053627606 0.027158905 0.05887641 0.015890852 0.01057785 0.06581059 0.082391664 0.0073836274 0.020160513 0.08156017 0.14131293 0.020866772 0.42341757 0.15532432 0.0648668 7.27307 102.57304 617.95667 0.63723916 
8	0.190411 0.24780819 0.6350685 0.12547944 0.5853425 0.50369877 0.25657538 0.18150684 0.5606851 0.5271235 0.25506854 0.7683563 0.230137 0.23506851 0.94054776 0.30821916 0.20986298 0.7589042 1.9720547 0.70383567 1.2413696 0.08438357 0.5956164 0.2236986 0.0012328768 0.0012328768 0.0 0.0 0.0 0.0 0.0 0.0 0.004931507 0.0 0.0065753423 0.0012328768 0.009041095 0.0 0.0012328768 0.037671227 0.0 0.0 0.08506848 0.010958903 0.049315054 0.03424657 0.0 0.0 0.00969863 0.094369866 0.0010273973 0.4048082 0.21798632 0.038657535 16.512892 662.8493 1527.1644 1.0 
9	0.3010909 0.15636364 0.31436357 0.08072727 0.08418179 0.10418183 0.020181816 0.134 0.23654544 0.4045455 0.14727274 0.63490915 0.3256364 0.6385455 0.02472727 0.15509093 0.2672727 0.11763637 1.9092729 0.041090906 0.8701817 0.028545454 0.42400002 0.29163638 0.12818182 0.1 0.004909091 0.0016363636 0.002181818 0.0032727274 0.0 0.0 0.33545452 0.0 0.0 0.03309091 0.22600001 0.0027272725 0.0056363633 0.03181818 0.015636364 0.007636364 0.0056363633 0.015636362 0.05127272 0.045272723 0.008545455 0.05218182 0.034381818 0.11894546 0.007981818 0.24734546 0.35541815 0.08401818 6.5336723 205.2 3124.7454 0.76363635 
