0	0.08879933 0.22935279 0.25008783 0.022404201 0.30024984 0.08013624 0.1070196 0.08925635 0.034311667 0.19434287 0.043897256 0.51576245 0.07972185 0.0381124 0.022991763 0.24132846 0.11344311 0.16655694 1.6703571 0.05232189 0.74282396 0.02491059 0.0697133 0.07326428 0.5772578 0.3050212 0.9898864 0.15512627 0.124209456 0.12674423 0.07743398 0.059642352 0.102495 0.06028386 0.12424353 0.11205499 0.13836502 0.013900085 0.095350586 0.0700369 0.050488222 0.15969911 0.053644612 0.098322436 0.37275076 0.20760442 0.0044734604 0.034132846 0.02209651 0.13742743 0.016349988 0.23907834 0.049736574 0.032144774 2.5014813 17.77292 83.04456 0.31365314 
1	0.19 0.0 0.38 0.0 0.0 0.19 0.0 0.0 0.0 0.0 0.19 0.19 0.0 0.0 0.0 0.38 0.0 0.19 1.14 0.0 0.38 0.0 0.0 0.0 0.0 0.0 0.0 0.0 0.0 0.0 0.0 0.0 0.0 0.0 0.0 0.0 0.0 0.0 0.0 0.0 0.0 0.0 0.0 0.0 0.0 0.0 0.0 0.0 0.01 0.01 0.0 0.0 0.0 0.003 2.383 21.0 15841.0 1.0 
2	0.0 0.0 0.0 0.04 0.0 0.0 0.0 0.0 0.0 0.0 0.0 0.0 0.0 0.0 0.0 0.02 0.0 0.0 0.02 0.0 0.0 0.0 0.0 0.0 0.0 0.0 0.0 0.0 0.0 0.0 0.0 0.0 0.0 0.0 0.0 0.0 0.0 0.0 0.0 0.0 0.0 0.0 0.0 0.0 0.0 0.0 0.0 0.0 1.024 9.752 0.003 1.542 1.785 1.998 239.571 9989.0 10062.0 1.0 
3	0.096666664 0.013333333 0.2 0.0 0.15333334 0.13333334 0.0 0.096666664 0.096666664 0.31333333 0.06 0.07333333 0.120000005 0.0 0.06333333 0.013333333 0.13 0.06333333 0.62666667 0.013333333 0.27666667 3.1766665 0.23 0.18333334 0.0 0.0 0.0 0.0 0.0 0.0 0.0 0.0 0.0 0.046666667 0.0 0.013333333 0.0 0.0 0.026666665 0.0 0.0 0.0 0.0 0.0 0.06333333 0.0 0.0 0.0 0.37233332 0.095 0.0139999995 0.14 0.030000001 0.0036666666 15.187665 493.0 9113.667 1.0 
4	0.005 0.005 0.035 0.0 0.025 0.0 0.0 0.005 0.015 0.065 0.025 0.0 0.0 0.025 0.0 0.0 0.005 0.035 0.005 0.0 0.005 0.0 0.0 0.0 0.0 0.0 0.0 0.0 0.0 0.0 0.0 0.0 0.035 0.0 0.0 0.065 0.0 0.0 0.0 0.005 0.23 0.0 0.0 0.015 0.0 0.4 0.005 0.035 0.036 0.1615 0.074999996 0.012 0.056 0.012 3.0295 43.5 5648.5 0.0 
5	0.269375 0.17125 1.0825001 0.011875 0.9700001 0.064375 0.134375 0.12 0.46437496 1.0131251 0.050625 0.241875 0.048125 0.0 0.203125 0.18499999 0.04625 0.16 0.88624996 0.571875 0.985 0.0 0.14750001 0.08 0.20875001 0.0 0.09125 0.03 0.0 0.03625 0.0 0.0 0.0 0.02375 0.0 0.0 0.054375 0.0 0.0 0.073125 0.0 0.0 0.0 0.0 0.0 0.0 0.0 0.0 0.0 0.01825 0.0 0.655125 0.1771875 0.0031875 426.51035 1302.6875 1449.0625 0.9375 
6	0.14550567 0.16928846 0.43329582 0.16044945 0.34996235 0.22670408 0.12194754 0.16722845 0.42067418 0.46494386 0.13468158 0.5955429 0.14812733 0.10022472 0.33389515 0.29943803 0.13771535 0.45707875 1.5583142 0.3497378 1.0316106 0.66880155 0.27033713 0.18823966 0.29164794 0.11292135 0.020374535 0.014456928 0.0043445686 0.015580524 0.015468167 0.0010486891 0.07355805 0.002247191 0.07883897 0.03093633 0.109101124 0.0031835202 0.017977525 0.029513104 0.006104869 0.019588016 0.026329583 0.012022469 0.04161049 0.038127337 0.006816479 0.022359552 0.037996266 0.11804495 0.032153558 0.34399244 0.16630715 0.08641949 8.168799 228.9588 1177.5393 0.7490637 
7	0.14061132 0.15352263 0.35775828 0.25388646 0.3671471 0.12631732 0.16164486 0.15729259 0.21141198 0.3405823 0.09831151 0.6569287 0.11510915 0.0733479 0.06622997 0.2758953 0.27714708 0.17973807 1.6516751 0.14803495 1.0596796 0.3989519 0.15695778 0.13691409 0.56668127 0.15790394 0.051979627 0.03404658 0.02342067 0.030553129 0.030043665 0.008835517 0.06483259 0.009592431 0.03742358 0.05892287 0.1392431 0.015400292 0.029068416 0.05771471 0.027947599 0.058879185 0.022154298 0.019141197 0.08279477 0.11438137 0.010029112 0.023609895 0.12197382 0.14837557 0.0154294055 0.38467988 0.13357206 0.08226494 7.485068 86.28821 495.131 0.6040757 
8	0.23745456 0.20854543 0.3070909 0.005272727 0.24672727 0.08727273 0.031272724 0.15236363 0.31618184 0.40545455 0.16018185 0.5496363 0.27490905 0.48145458 0.11000003 0.25963637 0.27000004 0.164 1.8892727 0.05272727 0.8438182 0.11163637 0.3158182 0.28054547 0.35636365 0.090363644 0.0027272725 0.0018181817 0.0030909092 0.014363638 0.0065454547 0.0 0.13709092 0.0 0.009636363 0.064363636 0.15836363 0.004909091 0.012545454 0.037272725 0.019090908 0.004181818 0.011818182 0.016 0.04527272 0.08272727 0.0021818182 0.033272725 0.039436363 0.11303639 0.016709091 0.2758 0.30349088 0.079690896 6.8412366 287.52728 2168.8909 0.6727273 
9	0.32391307 0.1552174 0.2936957 0.09369565 0.075869545 0.1128261 0.020869568 0.14565217 0.23521736 0.41673923 0.15347825 0.66326094 0.35717392 0.69108695 0.027173912 0.16478263 0.28739128 0.12347827 1.9728261 0.048695646 0.911087 0.03413043 0.4704348 0.30521744 0.09717391 0.061739128 0.005217391 0.0015217392 0.002173913 0.0039130435 0.0 0.0 0.3145652 0.0 0.0 0.027608698 0.18021739 0.001521739 0.0067391307 0.017391305 0.015217391 0.007826087 0.004565217 0.015652174 0.04478261 0.04065218 0.009782609 0.049782608 0.028326083 0.11284783 0.004478261 0.26008695 0.34567386 0.092043474 5.5680003 191.04347 3245.1086 0.7826087 
