0	0.09669671 0.21546826 0.26661366 0.060078252 0.3110695 0.08776146 0.115916535 0.10034619 0.06437044 0.21594259 0.052938104 0.53637713 0.08553238 0.04351197 0.030301161 0.24608226 0.14031766 0.16950919 1.6660649 0.06870997 0.7880004 0.08983399 0.08419967 0.08374675 0.5781339 0.2815675 0.8355611 0.1352857 0.10762862 0.11097461 0.06974623 0.051287644 0.09696699 0.051946882 0.11004979 0.10333642 0.13891865 0.014121414 0.08450322 0.068022296 0.0467631 0.14307563 0.04844676 0.08525964 0.32498986 0.19207263 0.005385346 0.032582406 0.038637187 0.13897058 0.016392212 0.260378 0.063355766 0.04043442 3.2398548 28.078018 151.7318 0.3602087 
1	0.19 0.0 0.38 0.0 0.0 0.19 0.0 0.0 0.0 0.0 0.19 0.19 0.0 0.0 0.0 0.38 0.0 0.19 1.14 0.0 0.38 0.0 0.0 0.0 0.0 0.0 0.0 0.0 0.0 0.0 0.0 0.0 0.0 0.0 0.0 0.0 0.0 0.0 0.0 0.0 0.0 0.0 0.0 0.0 0.0 0.0 0.0 0.0 0.01 0.01 0.0 0.0 0.0 0.003 2.383 21.0 15841.0 1.0 
2	0.0 0.0 0.0 0.04 0.0 0.0 0.0 0.0 0.0 0.0 0.0 0.0 0.0 0.0 0.0 0.02 0.0 0.0 0.02 0.0 0.0 0.0 0.0 0.0 0.0 0.0 0.0 0.0 0.0 0.0 0.0 0.0 0.0 0.0 0.0 0.0 0.0 0.0 0.0 0.0 0.0 0.0 0.0 0.0 0.0 0.0 0.0 0.0 1.024 9.752 0.003 1.542 1.785 1.998 239.571 9989.0 10062.0 1.0 
3	0.096666664 0.013333333 0.2 0.0 0.15333334 0.13333334 0.0 0.096666664 0.096666664 0.31333333 0.06 0.07333333 0.120000005 0.0 0.06333333 0.013333333 0.13 0.06333333 0.62666667 0.013333333 0.27666667 3.1766665 0.23 0.18333334 0.0 0.0 0.0 0.0 0.0 0.0 0.0 0.0 0.0 0.046666667 0.0 0.013333333 0.0 0.0 0.026666665 0.0 0.0 0.0 0.0 0.0 0.06333333 0.0 0.0 0.0 0.37233332 0.095 0.0139999995 0.14 0.030000001 0.0036666666 15.187665 493.0 9113.667 1.0 
4	0.005 0.005 0.035 0.0 0.025 0.0 0.0 0.005 0.015 0.065 0.025 0.0 0.0 0.025 0.0 0.0 0.005 0.035 0.005 0.0 0.005 0.0 0.0 0.0 0.0 0.0 0.0 0.0 0.0 0.0 0.0 0.0 0.035 0.0 0.0 0.065 0.0 0.0 0.0 0.005 0.23 0.0 0.0 0.015 0.0 0.4 0.005 0.035 0.036 0.1615 0.074999996 0.012 0.056 0.012 3.0295 43.5 5648.5 0.0 
5	0.195 0.5 0.4 0.095 0.58 0.0 0.0 0.0 0.39 0.19 0.0 0.2 0.0 0.0 0.0 0.1 0.0 0.0 0.195 0.19 0.39 0.0 0.0 0.2 0.095 0.0 0.0 0.095 0.0 0.0 0.0 0.0 0.0 0.19 0.0 0.0 0.0 0.0 0.0 0.0 0.0 0.0 0.0 0.0 0.0 0.0 0.0 0.0 0.0 0.035 0.0 0.4155 0.72950006 0.015 1062.0 2123.0 2124.0 1.0 
6	0.24359381 0.18546878 0.28546873 0.069375 0.16328126 0.084375 0.035781246 0.118125014 0.28078133 0.40437502 0.14640625 0.558125 0.27671874 0.5765625 0.045156248 0.18531252 0.25218752 0.10171875 1.8429686 0.03046875 0.8578123 0.050781246 0.3965625 0.24468751 0.3359375 0.10593749 0.00453125 0.00140625 0.00171875 0.0078125 0.0 0.0 0.27999997 0.0 0.00390625 0.0434375 0.20984372 0.0028124999 0.0078124995 0.01265625 0.01796875 0.00671875 0.0071874997 0.016093748 0.046562485 0.060937498 0.0046874997 0.04984375 0.034515634 0.10342188 0.009484373 0.23507811 0.34018743 0.08496874 5.493922 158.10938 2740.8281 0.71875 
7	0.15982695 0.18401387 0.48269892 0.14878893 0.3814878 0.21723181 0.11854671 0.16910031 0.4001731 0.5210728 0.12726644 0.61633193 0.14283732 0.09955017 0.32539797 0.30948094 0.13332185 0.43245685 1.5228025 0.34602076 1.1044639 0.57453287 0.2641177 0.18114188 0.23733565 0.09301039 0.022525953 0.012560553 0.0038062285 0.01636678 0.013183392 6.5743946E-4 0.06539792 0.0017647059 0.071314886 0.031903114 0.103979215 0.0034948096 0.016124567 0.031660885 0.0070588235 0.017370243 0.025397921 0.012283733 0.037958484 0.04352941 0.0062629757 0.018685121 0.033799306 0.11712804 0.02829065 0.3908304 0.16225602 0.080217965 25.084929 291.12802 1222.9792 0.76124567 
8	0.4616667 0.34583333 0.30166665 0.0 0.16083333 0.03 0.005 0.23583335 0.5166667 0.80166674 0.25833333 0.55 0.565 0.92333335 0.07666666 0.17166667 0.4466667 0.12166667 2.9099998 0.0075000003 1.3508333 0.0 0.5975 0.5508333 0.0 0.0 0.0 0.0 0.0 0.0 0.0 0.0 0.0 0.0 0.005 0.026666665 0.0 0.0 0.014166667 0.09166667 0.0 0.0 0.0 0.0 0.05916667 0.0 0.0 0.0 0.015916666 0.07716667 0.0 0.42291665 0.53274995 0.10058334 13.337833 832.6667 2500.5 1.0 
9	0.508 0.11999999 0.375 0.0 0.045999996 0.20199998 0.0039999997 0.174 0.203 0.33699998 0.23400001 0.92200005 0.53499997 0.94500005 0.057 0.32199997 0.389 0.179 2.513 0.153 1.0410001 0.0 0.303 0.5 0.0 0.0 9.999999E-4 0.0 0.003 9.999999E-4 0.0 0.0 0.155 0.0 0.0 0.022999998 0.082 0.0 9.999999E-4 0.038000003 0.006 0.009 0.0 0.022999998 0.059999995 0.012 0.022 0.057 0.015800001 0.18039998 2.0000001E-4 0.4094 0.31309998 0.1134 4.4922996 157.3 3591.2 0.9 
