0	0.09315281 0.21528429 0.25887978 0.051481202 0.30888963 0.08484668 0.11559346 0.09844459 0.052336805 0.20536092 0.05091988 0.5282172 0.08277698 0.038916916 0.024668641 0.24316017 0.13741586 0.16907522 1.6629146 0.06432246 0.77310807 0.08189662 0.08137736 0.07755687 0.5776089 0.28688675 0.8703314 0.14029917 0.11170126 0.11468346 0.07195843 0.053316023 0.097490065 0.05395648 0.1135262 0.10590495 0.13945597 0.014436203 0.08735907 0.069537595 0.048259147 0.14453016 0.049582087 0.088471785 0.3363234 0.19888486 0.0054648872 0.032769535 0.036542792 0.13864528 0.01624579 0.24241816 0.056799736 0.040013835 3.0157042 24.01558 127.8494 0.34792286 
1	0.19 0.0 0.38 0.0 0.0 0.19 0.0 0.0 0.0 0.0 0.19 0.19 0.0 0.0 0.0 0.38 0.0 0.19 1.14 0.0 0.38 0.0 0.0 0.0 0.0 0.0 0.0 0.0 0.0 0.0 0.0 0.0 0.0 0.0 0.0 0.0 0.0 0.0 0.0 0.0 0.0 0.0 0.0 0.0 0.0 0.0 0.0 0.0 0.01 0.01 0.0 0.0 0.0 0.003 2.383 21.0 15841.0 1.0 
2	0.0 0.0 0.0 0.04 0.0 0.0 0.0 0.0 0.0 0.0 0.0 0.0 0.0 0.0 0.0 0.02 0.0 0.0 0.02 0.0 0.0 0.0 0.0 0.0 0.0 0.0 0.0 0.0 0.0 0.0 0.0 0.0 0.0 0.0 0.0 0.0 0.0 0.0 0.0 0.0 0.0 0.0 0.0 0.0 0.0 0.0 0.0 0.0 1.024 9.752 0.003 1.542 1.785 1.998 239.571 9989.0 10062.0 1.0 
3	0.096666664 0.013333333 0.2 0.0 0.15333332 0.13333334 0.0 0.096666664 0.096666664 0.31333333 0.060000002 0.07333333 0.120000005 0.0 0.06333333 0.013333333 0.13 0.06333333 0.62666667 0.013333333 0.27666667 3.1766665 0.23 0.18333334 0.0 0.0 0.0 0.0 0.0 0.0 0.0 0.0 0.0 0.046666667 0.0 0.013333333 0.0 0.0 0.026666665 0.0 0.0 0.0 0.0 0.0 0.06333333 0.0 0.0 0.0 0.37233332 0.095 0.0139999995 0.14 0.030000001 0.0036666666 15.187667 493.0 9113.667 1.0 
4	0.005 0.005 0.035 0.0 0.025 0.0 0.0 0.005 0.015 0.065 0.025 0.0 0.0 0.025 0.0 0.0 0.005 0.035 0.005 0.0 0.005 0.0 0.0 0.0 0.0 0.0 0.0 0.0 0.0 0.0 0.0 0.0 0.035 0.0 0.0 0.065 0.0 0.0 0.0 0.005 0.23 0.0 0.0 0.015 0.0 0.4 0.005 0.035 0.036 0.1615 0.074999996 0.012 0.056 0.012 3.0295 43.5 5648.5 0.0 
5	0.26625 0.125 1.1875001 0.02375 0.79749995 0.0 0.0 0.0 0.48500004 0.605 0.0 0.05 0.0 0.0 0.0 0.0975 0.0 0.0 0.26625 0.6525 0.43750003 0.0 0.0 0.05 0.24125001 0.0 0.1825 0.06 0.0 0.0725 0.0 0.0 0.0 0.0475 0.0 0.0 0.0725 0.0 0.0 0.0 0.0 0.0 0.0 0.0 0.0 0.0 0.0 0.0 0.0 0.011 0.0 0.6795 0.24237502 0.00375 647.7499 1527.625 1531.875 0.875 
6	0.1814667 0.1588 0.28613335 0.0049333335 0.29239997 0.0976 0.045733325 0.18120003 0.2616 0.35599998 0.118266664 0.5445333 0.19440001 0.23666663 0.051866658 0.2988 0.25600007 0.15399998 1.7245328 0.09119999 0.83813334 0.63813335 0.2553333 0.24733332 0.3332 0.10813334 0.006933333 0.0033333332 0.0045333332 0.014666667 0.0064000003 0.0 0.11306667 0.0017333332 0.006666667 0.08853334 0.14946665 0.0065333336 0.013066667 0.022400001 0.014133332 0.0025333334 0.005733333 0.016666668 0.038533326 0.06466667 0.0021333334 0.030133333 0.044093337 0.115679994 0.0336 0.23410667 0.22648 0.111893326 6.3216667 133.09334 1823.6533 0.62666667 
7	0.16573231 0.21118692 0.4655555 0.2216919 0.3616918 0.20141415 0.12598483 0.15131314 0.39138898 0.5025504 0.12282825 0.68179286 0.14530303 0.1304798 0.2733081 0.31845957 0.1565404 0.3429799 1.6248226 0.29045454 1.1658088 0.4229798 0.21106064 0.194394 0.40146464 0.122398995 0.021464646 0.015707072 0.007398989 0.019141413 0.016287878 0.0021717171 0.07143939 0.0031313132 0.06325758 0.029393937 0.111060604 0.0044191917 0.017752523 0.031540398 0.008762627 0.060151525 0.025984848 0.011313129 0.04989899 0.037752524 0.0058333324 0.023585862 0.056563135 0.13342421 0.023499997 0.53010607 0.18702781 0.06483835 11.126246 206.48485 939.23737 0.72727275 
8	0.32565215 0.24782608 0.6169566 0.0 0.5091304 0.22478262 0.16217391 0.24826087 0.55565214 0.8765217 0.18869564 0.5891304 0.36999997 0.48173913 0.56739134 0.18086956 0.23434782 0.5504348 2.3230436 0.1852174 1.2108697 0.0 0.58782613 0.41608694 0.028260868 0.0 0.0 0.0 0.0 0.0 0.0 0.0 0.0 0.0 0.015217391 0.010434783 0.0 0.0 0.0039130435 0.091739126 0.0 0.0 0.027826086 0.0 0.040869564 0.013913043 0.0 0.0 0.009260869 0.061956514 0.0 0.46900004 0.35734782 0.058956526 46.691 803.4783 2012.5652 1.0 
9	0.31229168 0.14958334 0.28812498 0.0925 0.07562498 0.11000001 0.020000001 0.14229168 0.2325 0.40166676 0.14708333 0.64729166 0.34229162 0.66270834 0.026458332 0.16062504 0.27812496 0.120625 1.8983334 0.046666667 0.8785417 0.032708332 0.45083335 0.29250002 0.12229166 0.08916666 0.0056249998 0.0018750001 0.0024999997 0.0037500001 0.0 0.0 0.33875 0.0 0.0 0.03166667 0.21645832 0.0024999997 0.006458333 0.016666668 0.015833335 0.008333332 0.0047916663 0.017499996 0.042916667 0.045 0.009791667 0.050833333 0.032520834 0.11670834 0.0080625005 0.24931246 0.33152086 0.088208325 5.43923 185.4375 3220.7083 0.75 
