0	0.09311145 0.21611065 0.25781348 0.05190476 0.30716777 0.08439542 0.11471204 0.097100474 0.05172027 0.20475681 0.050546005 0.527315 0.08260534 0.039124906 0.024771871 0.24198946 0.13452254 0.16882327 1.6636546 0.062051866 0.76977545 0.08057589 0.0804388 0.07710295 0.57921207 0.28841436 0.877472 0.14139614 0.112620264 0.11559958 0.07248563 0.053754676 0.09794311 0.0544004 0.11439541 0.10646713 0.13976565 0.014540016 0.088077806 0.06994515 0.04863625 0.14567688 0.049850404 0.089149825 0.33836246 0.20026934 0.005509849 0.033039145 0.03556918 0.13874783 0.016359257 0.24103017 0.056566723 0.040179495 2.990598 23.50187 124.07754 0.34554973 
1	0.19 0.0 0.38 0.0 0.0 0.19 0.0 0.0 0.0 0.0 0.19 0.19 0.0 0.0 0.0 0.38 0.0 0.19 1.14 0.0 0.38 0.0 0.0 0.0 0.0 0.0 0.0 0.0 0.0 0.0 0.0 0.0 0.0 0.0 0.0 0.0 0.0 0.0 0.0 0.0 0.0 0.0 0.0 0.0 0.0 0.0 0.0 0.0 0.01 0.01 0.0 0.0 0.0 0.003 2.383 21.0 15841.0 1.0 
2	0.0 0.0 0.0 0.04 0.0 0.0 0.0 0.0 0.0 0.0 0.0 0.0 0.0 0.0 0.0 0.02 0.0 0.0 0.02 0.0 0.0 0.0 0.0 0.0 0.0 0.0 0.0 0.0 0.0 0.0 0.0 0.0 0.0 0.0 0.0 0.0 0.0 0.0 0.0 0.0 0.0 0.0 0.0 0.0 0.0 0.0 0.0 0.0 1.024 9.752 0.003 1.542 1.785 1.998 239.571 9989.0 10062.0 1.0 
3	0.096666664 0.013333333 0.2 0.0 0.15333334 0.13333334 0.0 0.096666664 0.096666664 0.31333333 0.06 0.07333333 0.120000005 0.0 0.06333333 0.013333333 0.13 0.06333333 0.62666667 0.013333333 0.27666667 3.1766665 0.23 0.18333334 0.0 0.0 0.0 0.0 0.0 0.0 0.0 0.0 0.0 0.046666667 0.0 0.013333333 0.0 0.0 0.026666665 0.0 0.0 0.0 0.0 0.0 0.06333333 0.0 0.0 0.0 0.37233332 0.095 0.0139999995 0.14 0.030000001 0.0036666666 15.187665 493.0 9113.667 1.0 
4	0.005 0.005 0.035 0.0 0.025 0.0 0.0 0.005 0.015 0.065 0.025 0.0 0.0 0.025 0.0 0.0 0.005 0.035 0.005 0.0 0.005 0.0 0.0 0.0 0.0 0.0 0.0 0.0 0.0 0.0 0.0 0.0 0.035 0.0 0.0 0.065 0.0 0.0 0.0 0.005 0.23 0.0 0.0 0.015 0.0 0.4 0.005 0.035 0.036 0.1615 0.074999996 0.012 0.056 0.012 3.0295 43.5 5648.5 0.0 
5	0.295 0.083333336 1.3825 0.015833333 0.88583326 0.0 0.054166663 0.0 0.4958333 0.6858333 0.0 0.033333335 0.0 0.0 0.0 0.065 0.0 0.0 0.295 0.72583324 0.40083334 0.0 0.0 0.033333335 0.27833334 0.0 0.12166667 0.04 0.0 0.048333332 0.0 0.0 0.0 0.031666666 0.0 0.0 0.048333332 0.0 0.0 0.0 0.0 0.0 0.0 0.0 0.0 0.0 0.0 0.0 0.0 0.007333333 0.0 0.76383334 0.18825 0.0025 537.20825 1405.5834 1442.75 0.9166667 
6	0.16839083 0.13781609 0.26264375 0.0042528734 0.29390812 0.09747128 0.049425278 0.15666668 0.25425288 0.33919546 0.14390807 0.5426436 0.167931 0.26678163 0.04471264 0.3534483 0.2414943 0.13344829 1.6834486 0.51379305 0.9170117 0.5501149 0.2616092 0.23356323 0.3387357 0.116896555 0.0066666664 0.0059770113 0.005172414 0.013908046 0.009425288 0.0 0.099885054 0.0014942528 0.012413793 0.07712645 0.14402299 0.0060919537 0.011264368 0.019655174 0.012183908 0.002643678 0.0049425284 0.014367815 0.03505747 0.055747125 0.0018390805 0.02632184 0.03998851 0.11611492 0.030287353 0.23637925 0.21267816 0.096586205 6.2312503 166.77011 1767.6207 0.6436782 
7	0.16662368 0.21252583 0.43793815 0.22626287 0.34306696 0.15564428 0.11925258 0.1695361 0.3549485 0.51530904 0.106907256 0.68742263 0.14030929 0.12025775 0.16237107 0.32296386 0.19201037 0.29863405 1.6460812 0.21121128 1.1986341 0.4523196 0.17541242 0.19925252 0.42855674 0.12798966 0.021958765 0.015927834 0.007268041 0.01953608 0.016417526 0.0022164949 0.07597936 0.0031958763 0.063737124 0.033015464 0.117860846 0.0045618555 0.018118557 0.031005153 0.009149483 0.061726805 0.016417526 0.009999999 0.05242268 0.03551546 0.005953608 0.023994848 0.07024227 0.13682982 0.023896901 0.53476834 0.184585 0.066920094 9.077453 152.09279 863.7139 0.6984536 
8	0.19291663 0.2204166 0.6868751 0.0 0.6466666 0.583125 0.2745833 0.17604168 0.6183333 0.46312502 0.22979172 0.65625006 0.31250003 0.2308333 1.2225001 0.19458336 0.15020831 0.81541663 1.9074998 0.15020834 0.9393749 0.0 0.66416675 0.246875 0.0018750001 0.0018750001 0.0 0.0 0.0 0.0 0.0 0.0 0.0 0.0 0.0072916667 0.0050000004 0.0060416665 0.0 0.0018750001 0.06666666 0.0 0.0 0.10666666 0.016666664 0.06499999 0.052083332 0.0 0.0 0.0061875004 0.08143749 0.0 0.4176874 0.24239583 0.035666667 17.19929 727.4167 1674.7291 1.0 
9	0.31229165 0.14958335 0.28812498 0.0925 0.07562498 0.10999999 0.020000001 0.14229168 0.2325 0.40166673 0.14708333 0.64729154 0.34229162 0.6627083 0.026458329 0.16062503 0.27812496 0.12062502 1.8983332 0.046666663 0.8785415 0.032708332 0.4508333 0.2925 0.12229166 0.08916666 0.005625 0.001875 0.0024999997 0.0037500001 0.0 0.0 0.33875 0.0 0.0 0.03166667 0.2164583 0.0025000002 0.006458333 0.016666668 0.015833333 0.008333333 0.0047916663 0.017499996 0.042916667 0.044999998 0.009791666 0.050833333 0.032520834 0.11670833 0.0080625 0.2493125 0.3315208 0.088208325 5.4392295 185.4375 3220.7083 0.75 
