0	0.09221377 0.21922132 0.25658756 0.052903306 0.30838433 0.08444532 0.11633844 0.095854975 0.049595416 0.20451643 0.050137408 0.5227128 0.0819389 0.037821878 0.024793886 0.24338162 0.13338928 0.17002039 1.6668545 0.06228499 0.75998706 0.08219337 0.07920102 0.076681934 0.56903046 0.29133582 0.89525443 0.14384475 0.11475824 0.117564864 0.0737328 0.054862596 0.09848341 0.055310436 0.11605343 0.107111864 0.1396463 0.014361324 0.089292645 0.07110432 0.048206106 0.14737915 0.050745536 0.09066666 0.3439088 0.20283979 0.005554708 0.033399493 0.034971755 0.13777022 0.016304329 0.24120589 0.055716805 0.039434846 2.9683492 22.723156 115.145035 0.3409669 
1	0.19 0.0 0.38 0.0 0.0 0.19 0.0 0.0 0.0 0.0 0.19 0.19 0.0 0.0 0.0 0.38 0.0 0.19 1.14 0.0 0.38 0.0 0.0 0.0 0.0 0.0 0.0 0.0 0.0 0.0 0.0 0.0 0.0 0.0 0.0 0.0 0.0 0.0 0.0 0.0 0.0 0.0 0.0 0.0 0.0 0.0 0.0 0.0 0.01 0.01 0.0 0.0 0.0 0.003 2.383 21.0 15841.0 1.0 
2	0.0 0.0 0.0 0.04 0.0 0.0 0.0 0.0 0.0 0.0 0.0 0.0 0.0 0.0 0.0 0.02 0.0 0.0 0.02 0.0 0.0 0.0 0.0 0.0 0.0 0.0 0.0 0.0 0.0 0.0 0.0 0.0 0.0 0.0 0.0 0.0 0.0 0.0 0.0 0.0 0.0 0.0 0.0 0.0 0.0 0.0 0.0 0.0 1.024 9.752 0.003 1.542 1.785 1.998 239.571 9989.0 10062.0 1.0 
3	0.096666664 0.013333333 0.2 0.0 0.15333332 0.13333334 0.0 0.096666664 0.096666664 0.31333333 0.060000002 0.07333333 0.120000005 0.0 0.06333333 0.013333333 0.13 0.06333333 0.62666667 0.013333333 0.27666667 3.1766665 0.23 0.18333334 0.0 0.0 0.0 0.0 0.0 0.0 0.0 0.0 0.0 0.046666667 0.0 0.013333333 0.0 0.0 0.026666665 0.0 0.0 0.0 0.0 0.0 0.06333333 0.0 0.0 0.0 0.37233332 0.095 0.0139999995 0.14 0.030000001 0.0036666666 15.187667 493.0 9113.667 1.0 
4	0.005 0.005 0.035 0.0 0.025 0.0 0.0 0.005 0.015 0.065 0.025 0.0 0.0 0.025 0.0 0.0 0.005 0.035 0.005 0.0 0.005 0.0 0.0 0.0 0.0 0.0 0.0 0.0 0.0 0.0 0.0 0.0 0.035 0.0 0.0 0.065 0.0 0.0 0.0 0.005 0.23 0.0 0.0 0.015 0.0 0.4 0.005 0.035 0.036 0.1615 0.074999996 0.012 0.056 0.012 3.0295 43.5 5648.5 0.0 
5	0.295 0.083333336 1.3824998 0.015833333 0.8858333 0.0 0.054166663 0.0 0.49583337 0.6858334 0.0 0.033333335 0.0 0.0 0.0 0.065 0.0 0.0 0.295 0.7258334 0.40083334 0.0 0.0 0.033333335 0.27833334 0.0 0.12166667 0.04 0.0 0.048333332 0.0 0.0 0.0 0.031666666 0.0 0.0 0.048333332 0.0 0.0 0.0 0.0 0.0 0.0 0.0 0.0 0.0 0.0 0.0 0.0 0.007333333 0.0 0.76383334 0.18825 0.0025 537.20825 1405.5834 1442.75 0.9166667 
6	0.1806173 0.15604939 0.29098764 0.004567901 0.2732099 0.10703702 0.045925923 0.16999999 0.27629635 0.34925923 0.11901235 0.5514816 0.20580247 0.2206173 0.08407409 0.29629627 0.22222222 0.16716047 1.712963 0.08839505 0.8328395 0.51950616 0.26901236 0.2408642 0.35506177 0.11691357 0.0077777784 0.0064197527 0.005555555 0.014938273 0.010123457 0.0 0.10654322 0.0016049382 0.013333333 0.0834568 0.14234568 0.0065432093 0.020493828 0.022592593 0.0130864205 0.0028395061 0.006049383 0.016666668 0.035555545 0.061358023 0.0019753086 0.03160493 0.042888895 0.11680246 0.03208642 0.23943211 0.21623453 0.10396296 5.66889 133.7284 1782.3827 0.60493827 
7	0.15984544 0.18381904 0.4046135 0.17419426 0.32719645 0.13161142 0.098653436 0.16379692 0.31112587 0.455585 0.096688695 0.6836202 0.13370858 0.119668886 0.12192046 0.29373077 0.19158936 0.24284774 1.59989 0.18584989 1.1960047 0.38779253 0.15514353 0.18251659 0.55792505 0.13470195 0.021324502 0.01768212 0.0078145685 0.0203532 0.01620309 0.0018984547 0.07757176 0.004569536 0.060662255 0.041611474 0.12536429 0.008057395 0.01922737 0.02781457 0.020264901 0.06415011 0.01388521 0.011125828 0.05573951 0.0437969 0.0056953644 0.022737304 0.07028035 0.14605959 0.023719652 0.4841855 0.16990729 0.068768196 8.007124 122.00883 794.67993 0.6666667 
8	0.18426475 0.21176466 0.64529395 0.13470589 0.5789705 0.51779413 0.2682353 0.18132356 0.56720585 0.5054413 0.2542647 0.75926477 0.23661765 0.25235295 0.9625001 0.33000004 0.19529407 0.7585293 1.9705884 0.68558836 1.195735 0.085 0.6105881 0.22338234 0.0013235295 0.0013235295 0.0 0.0 0.0 0.0 0.0 0.0 0.0030882352 0.0 0.0051470585 0.0013235295 0.009705882 0.0 0.0013235295 0.039558817 0.0 0.0 0.082352936 0.011764704 0.052058805 0.035882354 0.0 0.0 0.010264706 0.09088237 0.0011029412 0.41298527 0.2229706 0.03919118 15.697632 673.05884 1541.3529 1.0 
9	0.30100003 0.14360003 0.29059997 0.0888 0.07459998 0.10560001 0.019199999 0.14300002 0.22660002 0.38900003 0.14119998 0.6264 0.32919997 0.6362 0.025399998 0.1548 0.267 0.125 1.85 0.044799995 0.84740007 0.0314 0.44259998 0.28079998 0.14099999 0.11 0.0054 0.0018 0.0023999999 0.0036000002 0.0 0.0 0.32519996 0.0 0.0 0.0334 0.23499998 0.0023999999 0.0062 0.034599997 0.0152 0.007999999 0.0058 0.016799998 0.050199997 0.043199997 0.0094 0.048800007 0.03622 0.11956001 0.00832 0.24181993 0.31893995 0.08514 6.532919 208.64 3197.3 0.76 
