0	0.092622764 0.2194174 0.25739735 0.052889846 0.31025708 0.08430428 0.11792165 0.09642077 0.048885774 0.20512582 0.05003562 0.52264863 0.08176287 0.037746113 0.02470363 0.24558373 0.13359955 0.17088024 1.6736808 0.062068187 0.7618339 0.08217245 0.07939456 0.077155955 0.5663749 0.29038408 0.89499354 0.14423044 0.11470615 0.11755531 0.07371404 0.054848637 0.09736704 0.05547952 0.11644619 0.1069269 0.1384915 0.01435767 0.08920125 0.07106334 0.04736708 0.14732893 0.050732628 0.09054948 0.3443479 0.19729596 0.0055532954 0.033441875 0.034716863 0.13768582 0.016222848 0.24242789 0.056383636 0.03943448 2.9973648 23.264565 115.02213 0.3426609 
1	0.19 0.0 0.38 0.0 0.0 0.19 0.0 0.0 0.0 0.0 0.19 0.19 0.0 0.0 0.0 0.38 0.0 0.19 1.14 0.0 0.38 0.0 0.0 0.0 0.0 0.0 0.0 0.0 0.0 0.0 0.0 0.0 0.0 0.0 0.0 0.0 0.0 0.0 0.0 0.0 0.0 0.0 0.0 0.0 0.0 0.0 0.0 0.0 0.01 0.01 0.0 0.0 0.0 0.003 2.383 21.0 15841.0 1.0 
2	0.0 0.0 0.0 0.04 0.0 0.0 0.0 0.0 0.0 0.0 0.0 0.0 0.0 0.0 0.0 0.02 0.0 0.0 0.02 0.0 0.0 0.0 0.0 0.0 0.0 0.0 0.0 0.0 0.0 0.0 0.0 0.0 0.0 0.0 0.0 0.0 0.0 0.0 0.0 0.0 0.0 0.0 0.0 0.0 0.0 0.0 0.0 0.0 1.024 9.752 0.003 1.542 1.785 1.998 239.571 9989.0 10062.0 1.0 
3	0.096666664 0.013333333 0.2 0.0 0.15333334 0.13333334 0.0 0.096666664 0.096666664 0.31333333 0.06 0.07333333 0.120000005 0.0 0.06333333 0.013333333 0.13 0.06333333 0.62666667 0.013333333 0.27666667 3.1766665 0.23 0.18333334 0.0 0.0 0.0 0.0 0.0 0.0 0.0 0.0 0.0 0.046666667 0.0 0.013333333 0.0 0.0 0.026666665 0.0 0.0 0.0 0.0 0.0 0.06333333 0.0 0.0 0.0 0.37233332 0.095 0.0139999995 0.14 0.030000001 0.0036666666 15.187665 493.0 9113.667 1.0 
4	0.005 0.005 0.035 0.0 0.025 0.0 0.0 0.005 0.015 0.065 0.025 0.0 0.0 0.025 0.0 0.0 0.005 0.035 0.005 0.0 0.005 0.0 0.0 0.0 0.0 0.0 0.0 0.0 0.0 0.0 0.0 0.0 0.035 0.0 0.0 0.065 0.0 0.0 0.0 0.005 0.23 0.0 0.0 0.015 0.0 0.4 0.005 0.035 0.036 0.1615 0.074999996 0.012 0.056 0.012 3.0295 43.5 5648.5 0.0 
5	0.269375 0.17125 1.0825 0.011875 0.97 0.064375 0.134375 0.120000005 0.46437496 1.0131251 0.050625 0.24187501 0.048125 0.0 0.203125 0.185 0.04625 0.16 0.88624996 0.571875 0.98499995 0.0 0.14750001 0.08 0.20875 0.0 0.09125 0.03 0.0 0.03625 0.0 0.0 0.0 0.02375 0.0 0.0 0.054375 0.0 0.0 0.073125005 0.0 0.0 0.0 0.0 0.0 0.0 0.0 0.0 0.0 0.01825 0.0 0.655125 0.17718752 0.0031875 426.51038 1302.6875 1449.0625 0.9375 
6	0.18308648 0.16135801 0.3333334 0.004567901 0.307037 0.13962965 0.06975309 0.19580248 0.28925923 0.3855556 0.13358024 0.5708642 0.20222223 0.2406173 0.13123459 0.32222226 0.24765438 0.24765427 1.7851851 0.25753087 0.89407414 0.5908642 0.29802465 0.268642 0.2966667 0.08728395 0.0043209875 0.0030864198 0.0018518517 0.013580247 0.0059259264 0.0 0.08950618 0.0016049382 0.009753088 0.077283956 0.13185185 0.0060493825 0.012098765 0.020617286 0.012222223 0.002345679 0.009753086 0.015432099 0.038888883 0.062098768 0.0019753086 0.027901234 0.03470371 0.112308644 0.025506172 0.26271605 0.22870368 0.10492593 6.7566047 190.11111 1803.9136 0.69135803 
7	0.15247522 0.17908911 0.42645523 0.17439605 0.33279216 0.17970306 0.10477228 0.15447521 0.34255445 0.4342377 0.110673256 0.6906732 0.13970292 0.11669306 0.21750492 0.27752483 0.18136637 0.28946543 1.5438412 0.23146528 1.1569511 0.34786138 0.19390097 0.17178218 0.5319009 0.13500987 0.019940596 0.013108911 0.0077821775 0.01831683 0.015207921 0.0017029704 0.08122773 0.0026732674 0.05227723 0.039544545 0.12627727 0.0073069297 0.019128712 0.028019799 0.024752475 0.05772277 0.022514852 0.012495047 0.051920805 0.08647524 0.0051089106 0.02059406 0.067726724 0.14254652 0.023140596 0.46365348 0.16097432 0.06432672 7.951415 162.17624 855.1327 0.67524755 
8	0.4057143 0.2964286 0.3757143 0.0 0.33428574 0.062857136 0.017857144 0.2164286 0.5364286 0.705 0.26642853 0.5514286 0.5042857 0.7914285 0.31142858 0.15714286 0.38714287 0.25642857 2.7242858 0.040714286 1.2242858 0.0 0.6735714 0.48214287 0.0 0.0 0.0 0.0 0.0 0.0 0.0 0.0 0.0 0.0 0.004285714 0.022857143 0.0 0.0 0.012142858 0.09428571 0.0 0.0 0.02 0.0 0.060714275 0.01 0.0 0.0 0.015214286 0.08357143 0.0 0.40764287 0.477 0.08778571 12.9425 796.1429 2435.6428 1.0 
9	0.31148937 0.15106384 0.28680855 0.09446809 0.06978721 0.11234044 0.020425532 0.13425532 0.22446808 0.37276602 0.14659572 0.655532 0.33276597 0.67680854 0.021489361 0.16404258 0.26914892 0.115744695 1.8825531 0.04765957 0.8540425 0.033404253 0.44744685 0.28382984 0.12489361 0.09106383 0.005744681 0.0019148935 0.0025531913 0.0038297875 0.0 0.0 0.34595746 0.0 0.0 0.0306383 0.22106382 0.0025531915 0.004893617 0.013404255 0.016170213 0.008510638 0.0048936172 0.01787234 0.04021277 0.04595745 0.01 0.051914893 0.033212766 0.1174681 0.008234043 0.2427872 0.33710635 0.08985105 5.145724 164.48936 3222.9363 0.7446808 
