0	0.090759404 0.22612792 0.2527955 0.027874826 0.29991937 0.081602246 0.10870099 0.09216136 0.036013905 0.19584697 0.04534354 0.5159447 0.0806982 0.03769123 0.022556324 0.2421753 0.11820305 0.16634497 1.6706253 0.055913772 0.74722904 0.03238387 0.07215298 0.07377192 0.57398885 0.3020583 0.97143257 0.1525841 0.12207507 0.124828905 0.07633655 0.05860918 0.10202777 0.05932128 0.12240889 0.11127669 0.14005841 0.013674548 0.094447866 0.06928512 0.049477056 0.1568484 0.053382467 0.09668706 0.36685425 0.2059417 0.0043838667 0.03448679 0.024429489 0.13780162 0.016505703 0.24073654 0.050593033 0.032644793 2.613342 18.73046 87.52045 0.31961057 
1	0.19 0.0 0.38 0.0 0.0 0.19 0.0 0.0 0.0 0.0 0.19 0.19 0.0 0.0 0.0 0.38 0.0 0.19 1.14 0.0 0.38 0.0 0.0 0.0 0.0 0.0 0.0 0.0 0.0 0.0 0.0 0.0 0.0 0.0 0.0 0.0 0.0 0.0 0.0 0.0 0.0 0.0 0.0 0.0 0.0 0.0 0.0 0.0 0.01 0.01 0.0 0.0 0.0 0.003 2.383 21.0 15841.0 1.0 
2	0.0 0.0 0.0 0.04 0.0 0.0 0.0 0.0 0.0 0.0 0.0 0.0 0.0 0.0 0.0 0.02 0.0 0.0 0.02 0.0 0.0 0.0 0.0 0.0 0.0 0.0 0.0 0.0 0.0 0.0 0.0 0.0 0.0 0.0 0.0 0.0 0.0 0.0 0.0 0.0 0.0 0.0 0.0 0.0 0.0 0.0 0.0 0.0 1.024 9.752 0.003 1.542 1.785 1.998 239.571 9989.0 10062.0 1.0 
3	0.096666664 0.013333333 0.2 0.0 0.15333334 0.13333334 0.0 0.096666664 0.096666664 0.31333333 0.06 0.07333333 0.120000005 0.0 0.06333333 0.013333333 0.13 0.06333333 0.62666667 0.013333333 0.27666667 3.1766665 0.23 0.18333334 0.0 0.0 0.0 0.0 0.0 0.0 0.0 0.0 0.0 0.046666667 0.0 0.013333333 0.0 0.0 0.026666665 0.0 0.0 0.0 0.0 0.0 0.06333333 0.0 0.0 0.0 0.37233332 0.095 0.0139999995 0.14 0.030000001 0.0036666666 15.187665 493.0 9113.667 1.0 
4	0.005 0.005 0.035 0.0 0.025 0.0 0.0 0.005 0.015 0.065 0.025 0.0 0.0 0.025 0.0 0.0 0.005 0.035 0.005 0.0 0.005 0.0 0.0 0.0 0.0 0.0 0.0 0.0 0.0 0.0 0.0 0.0 0.035 0.0 0.0 0.065 0.0 0.0 0.0 0.005 0.23 0.0 0.0 0.015 0.0 0.4 0.005 0.035 0.036 0.1615 0.074999996 0.012 0.056 0.012 3.0295 43.5 5648.5 0.0 
5	0.26937497 0.17125 1.0825 0.011875 0.96999997 0.064375 0.13437499 0.12 0.46437496 1.0131251 0.050625 0.241875 0.048125 0.0 0.203125 0.18499999 0.04625 0.16 0.88625 0.571875 0.985 0.0 0.14750001 0.08 0.20874998 0.0 0.09125 0.03 0.0 0.03625 0.0 0.0 0.0 0.02375 0.0 0.0 0.054375 0.0 0.0 0.073125 0.0 0.0 0.0 0.0 0.0 0.0 0.0 0.0 0.0 0.01825 0.0 0.655125 0.17718749 0.0031875 426.51038 1302.6875 1449.0625 0.9375 
6	0.14125003 0.15804176 0.44537488 0.122125 0.35866657 0.24420828 0.13154165 0.15920828 0.43204165 0.44216672 0.14000002 0.56925005 0.15479162 0.08820834 0.36324996 0.31516665 0.1367917 0.4783334 1.5802915 0.3743332 0.9949583 0.634375 0.2949583 0.19604167 0.23570834 0.10262502 0.013874996 0.013083334 0.0032083332 0.012958334 0.015875 3.75E-4 0.051666662 0.0021249999 0.08545833 0.030124998 0.10583333 0.0027083333 0.01633333 0.02941666 0.00625 0.020624999 0.028166665 0.013208331 0.044416673 0.042416666 0.007333333 0.019041665 0.033220835 0.11752916 0.031483326 0.33599988 0.17336246 0.08421667 7.6106963 239.43333 1222.5875 0.7708333 
7	0.13714725 0.16765895 0.35393798 0.25855815 0.37262014 0.122046575 0.15238762 0.15279068 0.22618605 0.3622171 0.095860474 0.6789455 0.11266671 0.08508529 0.07496122 0.2722791 0.26370534 0.18784498 1.6355664 0.13866663 1.0813485 0.42130223 0.14965886 0.1410078 0.59275985 0.1595659 0.050992254 0.034325585 0.023581393 0.030790707 0.03052713 0.008806202 0.071441844 0.008992248 0.037395354 0.056806225 0.12941088 0.01666666 0.027007755 0.059271336 0.02996899 0.061209302 0.019488372 0.018682169 0.08018608 0.10792248 0.0107751945 0.021736432 0.11785115 0.14623871 0.015336434 0.39267924 0.13689771 0.08605425 7.6547236 91.84651 533.67444 0.6015504 
8	0.24442312 0.21442309 0.2969231 0.0036538462 0.23826922 0.07192307 0.03307692 0.14346153 0.32269228 0.40903848 0.16384618 0.5426923 0.28230768 0.50673085 0.097692326 0.23250002 0.26576927 0.14134619 1.9084613 0.038846154 0.85134625 0.11807692 0.31288463 0.28173077 0.34750003 0.091153845 0.0028846152 7.6923077E-4 0.0032692305 0.014038462 0.0 0.0 0.14500003 0.0 0.005961538 0.060384616 0.16499999 0.0021153847 0.009615385 0.0375 0.020192306 0.0044230768 0.012499999 0.01576923 0.047307685 0.08749999 0.0023076923 0.03269231 0.041249998 0.113423094 0.017673077 0.27301925 0.31334618 0.07969231 6.7974615 284.59616 2194.923 0.6730769 
9	0.323913 0.15521741 0.29369566 0.09369565 0.075869545 0.11282609 0.020869564 0.14565215 0.2352174 0.41673923 0.15347826 0.6632609 0.3571739 0.69108695 0.02717391 0.16478263 0.28739128 0.123478256 1.9728262 0.048695646 0.911087 0.03413043 0.4704349 0.3052174 0.09717391 0.061739128 0.005217392 0.0015217392 0.002173913 0.0039130435 0.0 0.0 0.3145652 0.0 0.0 0.027608695 0.18021739 0.0015217392 0.00673913 0.017391304 0.01521739 0.007826087 0.0045652175 0.015652172 0.04478261 0.040652175 0.009782609 0.049782608 0.028326087 0.112847835 0.0044782613 0.2600869 0.34567395 0.09204348 5.5680013 191.04347 3245.1086 0.7826087 
