0	0.091969796 0.22104983 0.25664088 0.02930806 0.30323187 0.081975095 0.11173119 0.09600478 0.04189552 0.2013441 0.048751317 0.514531 0.08147664 0.037881743 0.023488859 0.2440297 0.13019356 0.16850749 1.6678835 0.061818667 0.7556625 0.061638385 0.0771739 0.074636795 0.5728234 0.2970624 0.92892355 0.1489846 0.11869033 0.12167019 0.07470836 0.056789503 0.09920992 0.057468187 0.119252376 0.10871942 0.14092791 0.014488337 0.09179748 0.06812036 0.048674442 0.15157478 0.052295856 0.09400582 0.35442773 0.20282884 0.0049469783 0.034183457 0.03431417 0.13757978 0.016307794 0.24203183 0.05481469 0.03776511 2.8226163 20.725609 100.69009 0.3313892 
1	0.19 0.0 0.38 0.0 0.0 0.19 0.0 0.0 0.0 0.0 0.19 0.19 0.0 0.0 0.0 0.38 0.0 0.19 1.14 0.0 0.38 0.0 0.0 0.0 0.0 0.0 0.0 0.0 0.0 0.0 0.0 0.0 0.0 0.0 0.0 0.0 0.0 0.0 0.0 0.0 0.0 0.0 0.0 0.0 0.0 0.0 0.0 0.0 0.01 0.01 0.0 0.0 0.0 0.003 2.383 21.0 15841.0 1.0 
2	0.0 0.0 0.0 0.04 0.0 0.0 0.0 0.0 0.0 0.0 0.0 0.0 0.0 0.0 0.0 0.02 0.0 0.0 0.02 0.0 0.0 0.0 0.0 0.0 0.0 0.0 0.0 0.0 0.0 0.0 0.0 0.0 0.0 0.0 0.0 0.0 0.0 0.0 0.0 0.0 0.0 0.0 0.0 0.0 0.0 0.0 0.0 0.0 1.024 9.752 0.003 1.542 1.785 1.998 239.571 9989.0 10062.0 1.0 
3	0.096666664 0.013333333 0.2 0.0 0.15333334 0.13333334 0.0 0.096666664 0.096666664 0.31333333 0.06 0.07333333 0.120000005 0.0 0.06333333 0.013333333 0.13 0.06333333 0.62666667 0.013333333 0.27666667 3.1766665 0.23 0.18333334 0.0 0.0 0.0 0.0 0.0 0.0 0.0 0.0 0.0 0.046666667 0.0 0.013333333 0.0 0.0 0.026666665 0.0 0.0 0.0 0.0 0.0 0.06333333 0.0 0.0 0.0 0.37233332 0.095 0.0139999995 0.14 0.030000001 0.0036666666 15.187665 493.0 9113.667 1.0 
4	0.005 0.005 0.035 0.0 0.025 0.0 0.0 0.005 0.015 0.065 0.025 0.0 0.0 0.025 0.0 0.0 0.005 0.035 0.005 0.0 0.005 0.0 0.0 0.0 0.0 0.0 0.0 0.0 0.0 0.0 0.0 0.0 0.035 0.0 0.0 0.065 0.0 0.0 0.0 0.005 0.23 0.0 0.0 0.015 0.0 0.4 0.005 0.035 0.036 0.1615 0.074999996 0.012 0.056 0.012 3.0295 43.5 5648.5 0.0 
5	0.295 0.083333336 1.3824998 0.015833333 0.8858333 0.0 0.054166663 0.0 0.49583337 0.6858334 0.0 0.033333335 0.0 0.0 0.0 0.065 0.0 0.0 0.295 0.72583336 0.40083334 0.0 0.0 0.033333335 0.2783333 0.0 0.12166667 0.04 0.0 0.048333332 0.0 0.0 0.0 0.031666666 0.0 0.0 0.048333332 0.0 0.0 0.0 0.0 0.0 0.0 0.0 0.0 0.0 0.0 0.0 0.0 0.007333333 0.0 0.76383334 0.18825002 0.0025 537.20825 1405.5834 1442.75 0.9166667 
6	0.14428572 0.14744899 0.29448974 0.19928572 0.26265308 0.08928572 0.0522449 0.14397962 0.2863265 0.30795914 0.10489795 0.4904081 0.15948975 0.18142855 0.08734694 0.24744903 0.16734691 0.16938776 1.5330611 0.09459184 0.78336746 0.7016327 0.21275513 0.1922449 0.36295918 0.13785714 0.010816326 0.0065306127 0.0066326535 0.015510204 0.011938775 0.0 0.09326531 0.0013265306 0.05755102 0.06275511 0.15153061 0.005408163 0.012142857 0.018979592 0.010816327 0.016836736 0.0056122444 0.01622449 0.036122438 0.06061224 0.0028571428 0.024285713 0.039673477 0.1372449 0.028857145 0.21003066 0.18639795 0.101857126 5.6031847 116.20408 1688.949 0.6122449 
7	0.14600669 0.17901023 0.3670138 0.2681058 0.35499993 0.13580208 0.13344716 0.1485495 0.2902731 0.4155121 0.09286686 0.70225275 0.12535837 0.10025597 0.10380544 0.27842999 0.19924915 0.23211613 1.6205803 0.15109219 1.1182255 0.40807167 0.1500854 0.17139938 0.55069983 0.14100686 0.04040955 0.019163823 0.011331057 0.020477816 0.025529008 0.0038566552 0.08071674 0.0045563136 0.049590442 0.050546084 0.12296936 0.009283275 0.02245734 0.05945394 0.025648465 0.0598976 0.013600681 0.011143343 0.06721843 0.08696246 0.009607509 0.021467576 0.067535855 0.14322688 0.022341302 0.4254507 0.14804612 0.06960753 7.495825 106.4471 685.0205 0.6365188 
8	0.19736849 0.24092102 0.61881566 0.120526314 0.58 0.49657908 0.25000006 0.18197368 0.5301316 0.51197386 0.24894744 0.78157896 0.24394736 0.22868423 0.88039476 0.36671054 0.23184209 0.7243421 2.0365791 0.68105257 1.234605 0.08105264 0.58763146 0.22907896 0.0011842105 0.0011842105 0.0 0.0 0.0 0.0 0.0 0.0 0.004736842 0.0 0.006315789 0.010394736 0.0086842105 0.0 0.010131579 0.038289476 0.0 0.0 0.08013157 0.010526314 0.049473666 0.03210526 0.0 0.0028947368 0.0091842115 0.09357896 9.868421E-4 0.4157237 0.21480264 0.05143422 16.15863 646.3289 1512.6578 1.0 
9	0.30819997 0.15140003 0.29299995 0.0888 0.075199984 0.10740001 0.021000002 0.1408 0.23300001 0.4038 0.14639999 0.63539994 0.337 0.65779996 0.025999999 0.15940003 0.2754 0.12560001 1.896 0.044799995 0.8688 0.0314 0.4484 0.29120004 0.1174 0.085599996 0.0053999997 0.0018 0.0023999999 0.0036000002 0.0 0.0 0.32520005 0.0 0.0 0.0334 0.20779999 0.0023999999 0.0062 0.034599997 0.0152 0.008 0.0045999996 0.016799998 0.042999998 0.0432 0.009399999 0.048800007 0.03328 0.115540005 0.00806 0.24813999 0.32902005 0.08686001 6.589299 210.8 3197.12 0.76 
