0	0.09495859 0.21457374 0.2603969 0.050703846 0.30953473 0.086039945 0.11534582 0.099354595 0.057311278 0.20766674 0.051322453 0.53069466 0.08305407 0.040000007 0.024576226 0.24323902 0.13852645 0.16759382 1.6583209 0.06586459 0.77543056 0.086358964 0.08185096 0.08062835 0.5828033 0.28563318 0.85769373 0.13835359 0.11031658 0.113424234 0.07104478 0.052613247 0.09789327 0.053290308 0.11212615 0.10562827 0.13993667 0.014347297 0.08630787 0.068986855 0.047995616 0.1439893 0.04923769 0.087308794 0.33207795 0.19687295 0.0055163186 0.032905504 0.037063323 0.1394604 0.016247684 0.24281222 0.057987366 0.039992433 3.0440428 24.905018 135.70897 0.3502192 
1	0.19 0.0 0.38 0.0 0.0 0.19 0.0 0.0 0.0 0.0 0.19 0.19 0.0 0.0 0.0 0.38 0.0 0.19 1.14 0.0 0.38 0.0 0.0 0.0 0.0 0.0 0.0 0.0 0.0 0.0 0.0 0.0 0.0 0.0 0.0 0.0 0.0 0.0 0.0 0.0 0.0 0.0 0.0 0.0 0.0 0.0 0.0 0.0 0.01 0.01 0.0 0.0 0.0 0.003 2.383 21.0 15841.0 1.0 
2	0.0 0.0 0.0 0.04 0.0 0.0 0.0 0.0 0.0 0.0 0.0 0.0 0.0 0.0 0.0 0.02 0.0 0.0 0.02 0.0 0.0 0.0 0.0 0.0 0.0 0.0 0.0 0.0 0.0 0.0 0.0 0.0 0.0 0.0 0.0 0.0 0.0 0.0 0.0 0.0 0.0 0.0 0.0 0.0 0.0 0.0 0.0 0.0 1.024 9.752 0.003 1.542 1.785 1.998 239.571 9989.0 10062.0 1.0 
3	0.096666664 0.013333333 0.2 0.0 0.15333334 0.13333334 0.0 0.096666664 0.096666664 0.31333333 0.06 0.07333333 0.120000005 0.0 0.06333333 0.013333333 0.13 0.06333333 0.62666667 0.013333333 0.27666667 3.1766665 0.23 0.18333334 0.0 0.0 0.0 0.0 0.0 0.0 0.0 0.0 0.0 0.046666667 0.0 0.013333333 0.0 0.0 0.026666665 0.0 0.0 0.0 0.0 0.0 0.06333333 0.0 0.0 0.0 0.37233332 0.095 0.0139999995 0.14 0.030000001 0.0036666666 15.187665 493.0 9113.667 1.0 
4	0.005 0.005 0.035 0.0 0.025 0.0 0.0 0.005 0.015 0.065 0.025 0.0 0.0 0.025 0.0 0.0 0.005 0.035 0.005 0.0 0.005 0.0 0.0 0.0 0.0 0.0 0.0 0.0 0.0 0.0 0.0 0.0 0.035 0.0 0.0 0.065 0.0 0.0 0.0 0.005 0.23 0.0 0.0 0.015 0.0 0.4 0.005 0.035 0.036 0.1615 0.074999996 0.012 0.056 0.012 3.0295 43.5 5648.5 0.0 
5	0.195 0.5 0.4 0.095 0.58 0.0 0.0 0.0 0.39 0.19 0.0 0.2 0.0 0.0 0.0 0.1 0.0 0.0 0.195 0.19 0.39 0.0 0.0 0.2 0.095 0.0 0.0 0.095 0.0 0.0 0.0 0.0 0.0 0.19 0.0 0.0 0.0 0.0 0.0 0.0 0.0 0.0 0.0 0.0 0.0 0.0 0.0 0.0 0.0 0.035 0.0 0.4155 0.72950006 0.015 1062.0 2123.0 2124.0 1.0 
6	0.19034484 0.1674138 0.27155173 0.008620689 0.23931037 0.08655173 0.03551724 0.18155174 0.27189654 0.3253448 0.12413793 0.53327584 0.20689653 0.29258624 0.044999994 0.28051725 0.2360345 0.13568965 1.6756898 0.10172413 0.7796552 0.46775863 0.23017246 0.25293106 0.38155174 0.115862064 0.005 0.0025862067 0.0029310344 0.017586209 0.0062068966 0.0 0.14637932 0.0 0.007931034 0.09 0.18827586 0.009310344 0.015 0.021034481 0.018103447 0.003965517 0.0077586207 0.018965518 0.04448275 0.07948275 0.003103448 0.037931036 0.044310346 0.12115515 0.033224136 0.22850001 0.22298275 0.09708621 5.2634997 123.844826 1966.1034 0.6034483 
7	0.1596438 0.20942464 0.50676703 0.24052055 0.37994522 0.20619172 0.1307123 0.15071236 0.39306846 0.5335071 0.12679449 0.6610682 0.15142459 0.124958895 0.3127398 0.323452 0.15076719 0.38983572 1.6519992 0.31175333 1.1784387 0.45158905 0.23460263 0.1791781 0.29723284 0.1059178 0.018328767 0.0154246595 0.0051506846 0.015671233 0.016054794 0.0012054795 0.061287664 0.0020821916 0.06575342 0.021589037 0.097945206 0.0033424657 0.016547944 0.03008219 0.004465753 0.04679452 0.024630137 0.01106849 0.046328776 0.03175342 0.004821918 0.01906849 0.05203013 0.11850681 0.024835607 0.56466585 0.19536158 0.071638346 21.397186 251.40549 1031.3699 0.769863 
8	0.35611108 0.26555556 0.3544444 0.0 0.45666668 0.10555556 0.06277778 0.24944445 0.47388887 0.9111111 0.20722221 0.5588889 0.43777776 0.6155555 0.41888893 0.20333332 0.31166667 0.32944444 2.5855556 0.052777782 1.3644445 0.0 0.605 0.46166664 0.0 0.0 0.08111111 0.016111111 0.0 0.032222223 0.0 0.0 0.0 0.0 0.008333334 0.017777778 0.032222223 0.0 0.009444444 0.12222222 0.0 0.0 0.015555556 0.0 0.047222216 0.007777778 0.0 0.0 0.011833334 0.067888886 0.0 0.4126111 0.3995 0.07016668 34.311615 855.6111 2264.5 0.9444444 
9	0.32333335 0.1568889 0.2924445 0.09577778 0.06977776 0.11533333 0.021333335 0.13733333 0.2268889 0.38688898 0.15311109 0.6722222 0.34755558 0.70644444 0.021999998 0.16844445 0.2782222 0.11844444 1.9580001 0.049777772 0.88622224 0.034888886 0.46733338 0.29644445 0.09933333 0.06311111 0.0053333333 0.0015555556 0.002222222 0.004 0.0 0.0 0.32155555 0.0 0.0 0.026444443 0.18422222 0.0015555554 0.0051111113 0.0139999995 0.015555555 0.008 0.004666666 0.016 0.041999996 0.041555557 0.010000001 0.05088889 0.028955555 0.11355556 0.0045777783 0.2535111 0.35182217 0.093844436 5.264312 169.2889 3247.9778 0.7777778 
