0	0.09481472 0.21493737 0.25935698 0.051089566 0.30800974 0.08611534 0.11550429 0.09859876 0.05561965 0.20610544 0.0508589 0.5299539 0.08295707 0.038979147 0.02454969 0.24402441 0.1370895 0.16845894 1.6610053 0.06481718 0.77379096 0.085359484 0.08183314 0.07954356 0.5815388 0.28661102 0.86406636 0.13933493 0.1111558 0.11428709 0.07151408 0.053013496 0.09757786 0.05364908 0.11276563 0.10572752 0.14007851 0.014395093 0.08694726 0.069150925 0.04832147 0.1436319 0.049511645 0.087896906 0.33427045 0.19834365 0.005423314 0.032957055 0.037040006 0.1393645 0.016268954 0.24290848 0.0575858 0.040078506 3.038557 24.487608 131.63632 0.34895706 
1	0.19 0.0 0.38 0.0 0.0 0.19 0.0 0.0 0.0 0.0 0.19 0.19 0.0 0.0 0.0 0.38 0.0 0.19 1.14 0.0 0.38 0.0 0.0 0.0 0.0 0.0 0.0 0.0 0.0 0.0 0.0 0.0 0.0 0.0 0.0 0.0 0.0 0.0 0.0 0.0 0.0 0.0 0.0 0.0 0.0 0.0 0.0 0.0 0.01 0.01 0.0 0.0 0.0 0.003 2.383 21.0 15841.0 1.0 
2	0.0 0.0 0.0 0.04 0.0 0.0 0.0 0.0 0.0 0.0 0.0 0.0 0.0 0.0 0.0 0.02 0.0 0.0 0.02 0.0 0.0 0.0 0.0 0.0 0.0 0.0 0.0 0.0 0.0 0.0 0.0 0.0 0.0 0.0 0.0 0.0 0.0 0.0 0.0 0.0 0.0 0.0 0.0 0.0 0.0 0.0 0.0 0.0 1.024 9.752 0.003 1.542 1.785 1.998 239.571 9989.0 10062.0 1.0 
3	0.096666664 0.013333333 0.2 0.0 0.15333332 0.13333334 0.0 0.096666664 0.096666664 0.31333333 0.060000002 0.07333333 0.120000005 0.0 0.06333333 0.013333333 0.13 0.06333333 0.62666667 0.013333333 0.27666667 3.1766665 0.23 0.18333334 0.0 0.0 0.0 0.0 0.0 0.0 0.0 0.0 0.0 0.046666667 0.0 0.013333333 0.0 0.0 0.026666665 0.0 0.0 0.0 0.0 0.0 0.06333333 0.0 0.0 0.0 0.37233332 0.095 0.0139999995 0.14 0.030000001 0.0036666666 15.187667 493.0 9113.667 1.0 
4	0.005 0.005 0.035 0.0 0.025 0.0 0.0 0.005 0.015 0.065 0.025 0.0 0.0 0.025 0.0 0.0 0.005 0.035 0.005 0.0 0.005 0.0 0.0 0.0 0.0 0.0 0.0 0.0 0.0 0.0 0.0 0.0 0.035 0.0 0.0 0.065 0.0 0.0 0.0 0.005 0.23 0.0 0.0 0.015 0.0 0.4 0.005 0.035 0.036 0.1615 0.074999996 0.012 0.056 0.012 3.0295 43.5 5648.5 0.0 
5	0.26749998 0.25 1.0500001 0.0475 0.79999995 0.0 0.0 0.0 0.53499997 0.605 0.0 0.1 0.0 0.0 0.0 0.05 0.0 0.0 0.26749998 0.605 0.53499997 0.0 0.0 0.1 0.2175 0.0 0.0 0.0475 0.0 0.0 0.0 0.0 0.0 0.095 0.0 0.0 0.0 0.0 0.0 0.0 0.0 0.0 0.0 0.0 0.0 0.0 0.0 0.0 0.0 0.0175 0.0 0.658 0.41750002 0.0075 863.75 1726.5 1727.5 1.0 
6	0.19764711 0.1714706 0.29426473 0.0054411762 0.27573532 0.091911756 0.04058823 0.18882357 0.26794118 0.38941175 0.12411764 0.5619118 0.21441178 0.2577941 0.057205874 0.26676467 0.24882351 0.1557353 1.831912 0.0902941 0.89955896 0.70382357 0.26426464 0.26955885 0.34352946 0.09338234 0.0044117644 0.0036764704 0.0022058822 0.016176471 0.007058824 0.0 0.10367648 0.0019117646 0.0073529407 0.07558823 0.1502941 0.0072058826 0.014411764 0.020147057 0.014558824 0.0027941177 0.006323529 0.016911766 0.04249999 0.07132352 0.002352941 0.03323529 0.03826471 0.11685294 0.02964706 0.24519119 0.22486766 0.110617645 6.3225145 131.57353 1862.8971 0.64705884 
7	0.15257889 0.20952642 0.48949987 0.23102632 0.38281572 0.20078956 0.12971056 0.15455264 0.38600007 0.5135267 0.12768419 0.66557884 0.14647359 0.13271053 0.2992632 0.31684214 0.16268423 0.3713949 1.6167624 0.3048684 1.1630794 0.39697367 0.2200526 0.18068428 0.33618426 0.11173683 0.019131582 0.015263154 0.0049473685 0.014842106 0.01586842 0.0011578947 0.069315776 0.0021578947 0.06534211 0.027842103 0.10028946 0.0038684206 0.015789472 0.032368425 0.004710526 0.060526323 0.024736837 0.010999998 0.04726318 0.02939474 0.006078948 0.019894736 0.05248685 0.12273417 0.024242098 0.542887 0.18936306 0.06617365 15.241034 230.01842 984.02893 0.7473684 
8	0.35315785 0.24736844 0.49052635 0.0 0.51789474 0.099999994 0.09368421 0.20894738 0.4857894 0.9089474 0.18736841 0.51578945 0.3731579 0.5831579 0.38315794 0.19263159 0.25842106 0.2936842 2.344737 0.15368421 1.2547369 0.0 0.54105264 0.4005263 0.034210525 0.0 0.07684211 0.015263158 0.0 0.030526316 0.0 0.0 0.0 0.0 0.007894737 0.012631579 0.030526316 0.0 0.004736842 0.1068421 0.0 0.0 0.014736842 0.0 0.03578947 0.007368421 0.0 0.0 0.011210526 0.060052633 0.0 0.45200002 0.38547367 0.06589474 66.99342 869.6316 2123.3157 0.94736844 
9	0.31229165 0.14958337 0.28812498 0.0925 0.07562498 0.10999999 0.020000001 0.14229168 0.23250003 0.40166676 0.14708331 0.64729166 0.34229168 0.66270834 0.026458332 0.16062501 0.27812502 0.120625 1.8983335 0.046666663 0.8785417 0.032708332 0.45083335 0.29250002 0.12229166 0.08916666 0.005625 0.001875 0.0024999997 0.0037500001 0.0 0.0 0.33875 0.0 0.0 0.03166667 0.21645834 0.0024999997 0.006458333 0.016666668 0.015833333 0.008333332 0.0047916663 0.017499998 0.042916667 0.044999998 0.009791666 0.050833333 0.032520834 0.11670836 0.0080625 0.2493125 0.33152077 0.088208325 5.43923 185.4375 3220.7083 0.75 
