0	0.09579635 0.21540356 0.2622496 0.050809696 0.31025928 0.08625698 0.11651877 0.09894787 0.058661852 0.21175748 0.051612124 0.5318843 0.083355166 0.04122182 0.026802422 0.24790043 0.13960719 0.16736247 1.6620328 0.06541819 0.7804044 0.085961185 0.081975766 0.081844844 0.57882434 0.28427634 0.8536825 0.13771632 0.10980846 0.1129018 0.07071754 0.05237091 0.09735752 0.05304485 0.11160968 0.10512477 0.1394618 0.014281213 0.08591033 0.068654545 0.047735754 0.14477818 0.0490109 0.0868921 0.33128533 0.19596614 0.00549091 0.032940608 0.036906917 0.13900615 0.016157331 0.24533288 0.059051674 0.040207982 3.1905725 26.29309 137.71733 0.3529697 
1	0.19 0.0 0.38 0.0 0.0 0.19 0.0 0.0 0.0 0.0 0.19 0.19 0.0 0.0 0.0 0.38 0.0 0.19 1.14 0.0 0.38 0.0 0.0 0.0 0.0 0.0 0.0 0.0 0.0 0.0 0.0 0.0 0.0 0.0 0.0 0.0 0.0 0.0 0.0 0.0 0.0 0.0 0.0 0.0 0.0 0.0 0.0 0.0 0.01 0.01 0.0 0.0 0.0 0.003 2.383 21.0 15841.0 1.0 
2	0.0 0.0 0.0 0.04 0.0 0.0 0.0 0.0 0.0 0.0 0.0 0.0 0.0 0.0 0.0 0.02 0.0 0.0 0.02 0.0 0.0 0.0 0.0 0.0 0.0 0.0 0.0 0.0 0.0 0.0 0.0 0.0 0.0 0.0 0.0 0.0 0.0 0.0 0.0 0.0 0.0 0.0 0.0 0.0 0.0 0.0 0.0 0.0 1.024 9.752 0.003 1.542 1.785 1.998 239.571 9989.0 10062.0 1.0 
3	0.096666664 0.013333333 0.2 0.0 0.15333334 0.13333334 0.0 0.096666664 0.096666664 0.31333333 0.06 0.07333333 0.120000005 0.0 0.06333333 0.013333333 0.13 0.06333333 0.62666667 0.013333333 0.27666667 3.1766665 0.23 0.18333334 0.0 0.0 0.0 0.0 0.0 0.0 0.0 0.0 0.0 0.046666667 0.0 0.013333333 0.0 0.0 0.026666665 0.0 0.0 0.0 0.0 0.0 0.06333333 0.0 0.0 0.0 0.37233332 0.095 0.0139999995 0.14 0.030000001 0.0036666666 15.187665 493.0 9113.667 1.0 
4	0.005 0.005 0.035 0.0 0.025 0.0 0.0 0.005 0.015 0.065 0.025 0.0 0.0 0.025 0.0 0.0 0.005 0.035 0.005 0.0 0.005 0.0 0.0 0.0 0.0 0.0 0.0 0.0 0.0 0.0 0.0 0.0 0.035 0.0 0.0 0.065 0.0 0.0 0.0 0.005 0.23 0.0 0.0 0.015 0.0 0.4 0.005 0.035 0.036 0.1615 0.074999996 0.012 0.056 0.012 3.0295 43.5 5648.5 0.0 
5	0.21399999 0.2 0.84000003 0.038 0.64 0.0 0.0 0.0 0.42799997 0.48400003 0.0 0.08 0.0 0.0 0.0 0.15599999 0.0 0.0 0.21399999 0.48400003 0.42799997 0.0 0.0 0.08 0.174 0.0 0.292 0.096 0.0 0.116 0.0 0.0 0.0 0.076 0.0 0.0 0.116 0.0 0.0 0.0 0.0 0.0 0.0 0.0 0.0 0.0 0.0 0.0 0.0 0.0176 0.0 0.52639997 0.33400002 0.006 741.2 1678.8 1683.2 0.8 
6	0.26953495 0.21744184 0.31581393 0.103255816 0.14999999 0.082325555 0.03930232 0.11674416 0.3202326 0.43627912 0.16186045 0.57534873 0.3160465 0.6269768 0.01953488 0.15302326 0.25279066 0.064186044 2.0565119 0.00627907 0.94511634 0.006744186 0.36069772 0.27534887 0.40813956 0.103953496 0.0030232556 0.0013953488 0.001860465 0.007674419 0.0 0.0 0.26069766 0.0 0.0058139535 0.042325582 0.23255815 0.0030232556 0.0076744184 0.011395348 0.019302327 0.0060465112 0.008372094 0.015348837 0.05069767 0.07534884 0.003953488 0.063023254 0.040441863 0.11093024 0.010186047 0.26037213 0.39537203 0.07944186 5.2688603 128.11627 2536.6511 0.6744186 
7	0.15315507 0.19398397 0.47243303 0.2319786 0.3609358 0.20344925 0.11069519 0.16767381 0.38141707 0.48021412 0.12510689 0.6486363 0.15272717 0.11278076 0.2869519 0.27550787 0.1453744 0.39315498 1.5964427 0.31470582 1.104145 0.5087701 0.24283418 0.17756681 0.31606948 0.11114974 0.019171122 0.015401067 0.0053743315 0.017139036 0.016631015 0.0011764705 0.07008021 0.0020320856 0.06497324 0.030347595 0.10697865 0.0044117644 0.017727273 0.03144384 0.0062299464 0.02983957 0.024679143 0.01245989 0.039625682 0.03772727 0.0049999994 0.018502673 0.054673776 0.1235267 0.028483946 0.52179414 0.18546523 0.07432352 15.985628 232.77005 1106.2834 0.7406417 
8	0.34 0.2638889 0.34444442 0.0 0.55 0.1011111 0.071666665 0.25388888 0.44166666 0.886111 0.2161111 0.61111104 0.41666666 0.6244444 0.36500007 0.34944445 0.38555554 0.28500003 2.6616666 0.068333335 1.3772224 0.093333334 0.61944455 0.43277776 0.0 0.0 0.0 0.0 0.0 0.0 0.0 0.0 0.0 0.0 0.0033333332 0.045555554 0.008888889 0.0 0.009444444 0.1311111 0.0 0.0 0.015555556 0.0 0.047222212 0.007777778 0.0 0.0 0.0118333325 0.07022223 0.0016666666 0.43766668 0.40544444 0.104888886 20.503443 767.0 2314.4443 1.0 
9	0.32206893 0.13241379 0.26896554 0.0 0.057586208 0.11689655 0.015517242 0.12758617 0.19275862 0.35310352 0.14793104 0.66241384 0.33655176 0.66448283 0.03137931 0.18034486 0.26137927 0.14689654 1.8589656 0.07689654 0.85517234 0.04413793 0.39137936 0.31482762 0.1375862 0.08103448 0.005862069 0.0010344827 0.0020689655 0.0062068966 0.0 0.0 0.2848276 0.0 0.0 0.023793101 0.14103448 0.0017241378 0.0062068966 0.016551726 0.013103448 0.008965518 0.0020689655 0.020689655 0.046206895 0.024827586 0.0120689655 0.036206897 0.021310342 0.12368966 0.004862069 0.24668963 0.27231038 0.08672414 5.215276 180.93103 3375.4138 0.82758623 
