0	0.08930306 0.23002854 0.24926862 0.022544987 0.30075127 0.080017135 0.107035145 0.08954302 0.034435872 0.19471863 0.04365611 0.51719826 0.08007428 0.038351893 0.023136243 0.24108832 0.113344766 0.16544989 1.6710048 0.05027422 0.74137926 0.023481864 0.06988003 0.07309912 0.5733645 0.30443007 0.99592113 0.15594111 0.12498998 0.12730075 0.07782346 0.060017142 0.10288199 0.06066268 0.124318756 0.11274199 0.13710083 0.013987432 0.09594976 0.07047701 0.050051417 0.1604456 0.053664666 0.09881747 0.37355354 0.20219944 0.0045015714 0.03426736 0.02193316 0.13701537 0.016229078 0.2391514 0.049367025 0.03216196 2.48943 17.434162 81.751785 0.31276777 
1	0.19 0.0 0.38 0.0 0.0 0.19 0.0 0.0 0.0 0.0 0.19 0.19 0.0 0.0 0.0 0.38 0.0 0.19 1.14 0.0 0.38 0.0 0.0 0.0 0.0 0.0 0.0 0.0 0.0 0.0 0.0 0.0 0.0 0.0 0.0 0.0 0.0 0.0 0.0 0.0 0.0 0.0 0.0 0.0 0.0 0.0 0.0 0.0 0.01 0.01 0.0 0.0 0.0 0.003 2.383 21.0 15841.0 1.0 
2	0.0 0.0 0.0 0.04 0.0 0.0 0.0 0.0 0.0 0.0 0.0 0.0 0.0 0.0 0.0 0.02 0.0 0.0 0.02 0.0 0.0 0.0 0.0 0.0 0.0 0.0 0.0 0.0 0.0 0.0 0.0 0.0 0.0 0.0 0.0 0.0 0.0 0.0 0.0 0.0 0.0 0.0 0.0 0.0 0.0 0.0 0.0 0.0 1.024 9.752 0.003 1.542 1.785 1.998 239.571 9989.0 10062.0 1.0 
3	0.096666664 0.013333333 0.2 0.0 0.15333332 0.13333334 0.0 0.096666664 0.096666664 0.31333333 0.060000002 0.07333333 0.120000005 0.0 0.06333333 0.013333333 0.13 0.06333333 0.62666667 0.013333333 0.27666667 3.1766665 0.23 0.18333334 0.0 0.0 0.0 0.0 0.0 0.0 0.0 0.0 0.0 0.046666667 0.0 0.013333333 0.0 0.0 0.026666665 0.0 0.0 0.0 0.0 0.0 0.06333333 0.0 0.0 0.0 0.37233332 0.095 0.0139999995 0.14 0.030000001 0.0036666666 15.187667 493.0 9113.667 1.0 
4	0.005 0.005 0.035 0.0 0.025 0.0 0.0 0.005 0.015 0.065 0.025 0.0 0.0 0.025 0.0 0.0 0.005 0.035 0.005 0.0 0.005 0.0 0.0 0.0 0.0 0.0 0.0 0.0 0.0 0.0 0.0 0.0 0.035 0.0 0.0 0.065 0.0 0.0 0.0 0.005 0.23 0.0 0.0 0.015 0.0 0.4 0.005 0.035 0.036 0.1615 0.074999996 0.012 0.056 0.012 3.0295 43.5 5648.5 0.0 
5	0.269375 0.17125 1.0825001 0.011875 0.97 0.064375 0.134375 0.12 0.46437496 1.0131251 0.050625 0.241875 0.048125 0.0 0.203125 0.185 0.04625 0.16 0.88625 0.57187504 0.98499995 0.0 0.14750001 0.08 0.20875001 0.0 0.09125 0.03 0.0 0.03625 0.0 0.0 0.0 0.02375 0.0 0.0 0.054375 0.0 0.0 0.073125 0.0 0.0 0.0 0.0 0.0 0.0 0.0 0.0 0.0 0.01825 0.0 0.655125 0.17718752 0.0031875 426.51035 1302.6875 1449.0625 0.9375 
6	0.15014496 0.18173917 0.4425362 0.1552174 0.3561592 0.22076082 0.119420275 0.17376812 0.41253623 0.49170282 0.1306159 0.62612313 0.14467393 0.11206523 0.32721016 0.29934764 0.1339855 0.4464131 1.5642027 0.34224638 1.1117029 0.672645 0.2664855 0.18336953 0.28793475 0.11043478 0.019710146 0.014456522 0.0044202893 0.015072463 0.015905797 0.0010144927 0.07115943 0.0021739132 0.07746378 0.030398551 0.106992744 0.0030797103 0.01771739 0.028876808 0.0059057972 0.01942029 0.02547101 0.011630434 0.040942032 0.037101444 0.006594202 0.02235507 0.036833346 0.1199094 0.03180797 0.3668804 0.16630079 0.0887754 9.006048 234.0145 1165.1232 0.7536232 
7	0.1345714 0.1474143 0.353857 0.24917145 0.3603143 0.12651426 0.16135715 0.15101425 0.20574291 0.32195714 0.09894288 0.634043 0.11317142 0.06602857 0.06334285 0.27574283 0.27575707 0.18550007 1.6479006 0.15562855 1.0257292 0.38935712 0.15344279 0.13700001 0.59148574 0.16704287 0.05194286 0.03402857 0.022899998 0.031185715 0.029600002 0.00867143 0.064914286 0.009414286 0.039785717 0.057728577 0.14675716 0.015114284 0.028400004 0.056514293 0.031199995 0.058885712 0.02332858 0.0194 0.088685736 0.14572859 0.009842857 0.023285713 0.12119002 0.14974713 0.015984287 0.37123737 0.13236713 0.07962145 7.049809 82.00143 484.76715 0.5957143 
8	0.2374546 0.20854545 0.30709094 0.005272727 0.24672727 0.08727271 0.031272724 0.15236364 0.3161818 0.40545458 0.16018185 0.5496363 0.27490905 0.48145467 0.11000001 0.25963637 0.27 0.164 1.8892728 0.052727275 0.84381825 0.11163637 0.3158182 0.28054547 0.35636365 0.090363644 0.002727273 0.0018181817 0.0030909092 0.014363635 0.0065454547 0.0 0.13709092 0.0 0.009636363 0.064363636 0.15836363 0.0049090907 0.012545454 0.037272725 0.01909091 0.004181818 0.011818182 0.016 0.04527272 0.08272727 0.0021818182 0.033272732 0.03943637 0.11303636 0.016709091 0.2758 0.30349094 0.07969091 6.8412347 287.52728 2168.8909 0.6727273 
9	0.32391307 0.1552174 0.2936957 0.09369565 0.07586955 0.11282611 0.020869566 0.14565217 0.2352174 0.41673908 0.15347826 0.6632608 0.35717392 0.69108695 0.027173912 0.16478261 0.2873913 0.12347827 1.9728262 0.048695646 0.911087 0.03413043 0.4704348 0.30521742 0.09717391 0.061739128 0.005217392 0.0015217392 0.002173913 0.0039130435 0.0 0.0 0.3145652 0.0 0.0 0.027608698 0.18021739 0.001521739 0.0067391307 0.017391305 0.015217391 0.007826087 0.0045652175 0.015652172 0.0447826 0.040652175 0.009782609 0.049782608 0.028326083 0.11284783 0.0044782613 0.26008698 0.34567392 0.0920435 5.568 191.04347 3245.1086 0.7826087 
