0	0.09159853 0.22237904 0.25666392 0.029398555 0.30197555 0.0818017 0.112531416 0.09619087 0.04029936 0.20197277 0.048438914 0.5142745 0.08127773 0.03793904 0.023683501 0.24476343 0.12891743 0.16874102 1.6635917 0.060705688 0.7541643 0.05763699 0.075936906 0.07442663 0.57325584 0.29908833 0.93654895 0.1499679 0.11960168 0.12260624 0.07513497 0.05718792 0.099767394 0.05787223 0.11990912 0.10930491 0.14166804 0.014234162 0.09243253 0.06861268 0.049077783 0.15283081 0.05242715 0.09470996 0.35708398 0.20450959 0.0049879714 0.034431968 0.033531144 0.13777918 0.01639428 0.24255171 0.054395344 0.0375282 2.8164937 20.411922 98.11093 0.3285218 
1	0.19 0.0 0.38 0.0 0.0 0.19 0.0 0.0 0.0 0.0 0.19 0.19 0.0 0.0 0.0 0.38 0.0 0.19 1.14 0.0 0.38 0.0 0.0 0.0 0.0 0.0 0.0 0.0 0.0 0.0 0.0 0.0 0.0 0.0 0.0 0.0 0.0 0.0 0.0 0.0 0.0 0.0 0.0 0.0 0.0 0.0 0.0 0.0 0.01 0.01 0.0 0.0 0.0 0.003 2.383 21.0 15841.0 1.0 
2	0.0 0.0 0.0 0.04 0.0 0.0 0.0 0.0 0.0 0.0 0.0 0.0 0.0 0.0 0.0 0.02 0.0 0.0 0.02 0.0 0.0 0.0 0.0 0.0 0.0 0.0 0.0 0.0 0.0 0.0 0.0 0.0 0.0 0.0 0.0 0.0 0.0 0.0 0.0 0.0 0.0 0.0 0.0 0.0 0.0 0.0 0.0 0.0 1.024 9.752 0.003 1.542 1.785 1.998 239.571 9989.0 10062.0 1.0 
3	0.096666664 0.013333333 0.2 0.0 0.15333334 0.13333334 0.0 0.096666664 0.096666664 0.31333333 0.06 0.07333333 0.120000005 0.0 0.06333333 0.013333333 0.13 0.06333333 0.62666667 0.013333333 0.27666667 3.1766665 0.23 0.18333334 0.0 0.0 0.0 0.0 0.0 0.0 0.0 0.0 0.0 0.046666667 0.0 0.013333333 0.0 0.0 0.026666665 0.0 0.0 0.0 0.0 0.0 0.06333333 0.0 0.0 0.0 0.37233332 0.095 0.0139999995 0.14 0.030000001 0.0036666666 15.187665 493.0 9113.667 1.0 
4	0.005 0.005 0.035 0.0 0.025 0.0 0.0 0.005 0.015 0.065 0.025 0.0 0.0 0.025 0.0 0.0 0.005 0.035 0.005 0.0 0.005 0.0 0.0 0.0 0.0 0.0 0.0 0.0 0.0 0.0 0.0 0.0 0.035 0.0 0.0 0.065 0.0 0.0 0.0 0.005 0.23 0.0 0.0 0.015 0.0 0.4 0.005 0.035 0.036 0.1615 0.074999996 0.012 0.056 0.012 3.0295 43.5 5648.5 0.0 
5	0.295 0.083333336 1.3825 0.015833333 0.88583326 0.0 0.054166663 0.0 0.4958333 0.6858334 0.0 0.033333335 0.0 0.0 0.0 0.065 0.0 0.0 0.295 0.72583324 0.40083334 0.0 0.0 0.033333335 0.27833334 0.0 0.12166667 0.04 0.0 0.048333332 0.0 0.0 0.0 0.031666666 0.0 0.0 0.048333332 0.0 0.0 0.0 0.0 0.0 0.0 0.0 0.0 0.0 0.0 0.0 0.0 0.007333333 0.0 0.76383334 0.18825 0.0025 537.20825 1405.5834 1442.75 0.9166667 
6	0.13815536 0.14495149 0.28737852 0.18961164 0.27145636 0.09514562 0.056213602 0.14174758 0.27689326 0.3200971 0.10194176 0.4943688 0.1519417 0.17475726 0.08029128 0.28902912 0.17825247 0.16980582 1.5759223 0.14223303 0.81174767 0.7844659 0.20718446 0.18611649 0.34262133 0.124563105 0.0102912625 0.010776698 0.0063106795 0.016504854 0.013106795 0.0 0.08873787 0.0012621359 0.056504853 0.066893205 0.13679612 0.005145631 0.01368932 0.023786405 0.010679611 0.016019419 0.0035922327 0.015436893 0.038155332 0.058252417 0.0027184465 0.023980578 0.036038842 0.13235919 0.027174758 0.22092232 0.18905823 0.11034951 5.678582 113.68932 1648.6407 0.6213592 
7	0.14638875 0.1740522 0.36266342 0.25764707 0.36101308 0.13475496 0.1278922 0.14583331 0.28774512 0.39932996 0.092679754 0.697582 0.125098 0.09756537 0.09700978 0.27228764 0.20498356 0.22697726 1.6459634 0.14643794 1.1069613 0.39864376 0.15436274 0.16890527 0.55220574 0.13679738 0.039133985 0.019117646 0.011290848 0.0197549 0.025326794 0.0041339872 0.07890524 0.004803922 0.04921569 0.050261445 0.11937908 0.01117647 0.021911763 0.05666668 0.024493463 0.057352934 0.014869283 0.011127451 0.064607866 0.083071895 0.009199346 0.020620912 0.071169935 0.14205061 0.021689544 0.4138057 0.1454412 0.068393774 7.3048935 104.45588 666.9085 0.6372549 
8	0.20080003 0.24120006 0.62720007 0.12213333 0.5726666 0.4931999 0.24973336 0.17666665 0.5457333 0.5192 0.2544 0.77266675 0.24879998 0.2288 0.9154665 0.3154667 0.21039994 0.7415999 2.0312 0.68506664 1.2485332 0.08213334 0.59519994 0.23000002 0.0012 0.0012 0.0 0.0 0.0 0.0 0.0 0.0 0.0048 0.0 0.0064 0.0012 0.0088 0.0 0.010266666 0.036666665 0.0 0.0 0.082799986 0.010666666 0.050933313 0.03333333 0.0 0.0029333334 0.00944 0.09518669 0.001 0.41356 0.21494664 0.046560004 16.291 653.86664 1522.7067 1.0 
9	0.30333337 0.14843139 0.29196075 0.08705883 0.075686246 0.10529412 0.020588234 0.14137258 0.23176472 0.39921573 0.14352939 0.62490195 0.33098042 0.64490193 0.025490195 0.15686277 0.27000004 0.12313725 1.8676468 0.043921564 0.8556862 0.030784313 0.4401961 0.2854902 0.13823529 0.10784314 0.005294118 0.001764706 0.002352941 0.003529412 0.0 0.0 0.31882355 0.0 0.0 0.032745097 0.23039217 0.002352941 0.0060784314 0.03392157 0.01490196 0.007843137 0.0056862743 0.016470587 0.05098038 0.042352945 0.0092156865 0.04784314 0.036137253 0.11925493 0.008470587 0.24384312 0.32278427 0.08560785 6.515254 207.17647 3183.647 0.7647059 
