0	0.09036886 0.22496006 0.25293687 0.027583264 0.30060008 0.081439614 0.11039363 0.09363615 0.037071284 0.19805393 0.04624828 0.5144071 0.08002752 0.037916318 0.022320392 0.24194059 0.121690065 0.16587122 1.6682047 0.056765758 0.7483258 0.045370214 0.07259012 0.07389485 0.57494634 0.30176702 0.96202856 0.15143679 0.121527635 0.12416458 0.07572802 0.058186073 0.10108171 0.058890723 0.12134874 0.110776134 0.14194053 0.013531516 0.09356182 0.068750344 0.04959538 0.15529865 0.053162668 0.09579686 0.365065 0.20871466 0.004338013 0.03412607 0.028180838 0.13777812 0.016503166 0.24005228 0.051104028 0.035369404 2.6892521 19.261766 90.01541 0.32232314 
1	0.19 0.0 0.38 0.0 0.0 0.19 0.0 0.0 0.0 0.0 0.19 0.19 0.0 0.0 0.0 0.38 0.0 0.19 1.14 0.0 0.38 0.0 0.0 0.0 0.0 0.0 0.0 0.0 0.0 0.0 0.0 0.0 0.0 0.0 0.0 0.0 0.0 0.0 0.0 0.0 0.0 0.0 0.0 0.0 0.0 0.0 0.0 0.0 0.01 0.01 0.0 0.0 0.0 0.003 2.383 21.0 15841.0 1.0 
2	0.0 0.0 0.0 0.04 0.0 0.0 0.0 0.0 0.0 0.0 0.0 0.0 0.0 0.0 0.0 0.02 0.0 0.0 0.02 0.0 0.0 0.0 0.0 0.0 0.0 0.0 0.0 0.0 0.0 0.0 0.0 0.0 0.0 0.0 0.0 0.0 0.0 0.0 0.0 0.0 0.0 0.0 0.0 0.0 0.0 0.0 0.0 0.0 1.024 9.752 0.003 1.542 1.785 1.998 239.571 9989.0 10062.0 1.0 
3	0.096666664 0.013333333 0.2 0.0 0.15333334 0.13333334 0.0 0.096666664 0.096666664 0.31333333 0.06 0.07333333 0.120000005 0.0 0.06333333 0.013333333 0.13 0.06333333 0.62666667 0.013333333 0.27666667 3.1766665 0.23 0.18333334 0.0 0.0 0.0 0.0 0.0 0.0 0.0 0.0 0.0 0.046666667 0.0 0.013333333 0.0 0.0 0.026666665 0.0 0.0 0.0 0.0 0.0 0.06333333 0.0 0.0 0.0 0.37233332 0.095 0.0139999995 0.14 0.030000001 0.0036666666 15.187665 493.0 9113.667 1.0 
4	0.005 0.005 0.035 0.0 0.025 0.0 0.0 0.005 0.015 0.065 0.025 0.0 0.0 0.025 0.0 0.0 0.005 0.035 0.005 0.0 0.005 0.0 0.0 0.0 0.0 0.0 0.0 0.0 0.0 0.0 0.0 0.0 0.035 0.0 0.0 0.065 0.0 0.0 0.0 0.005 0.23 0.0 0.0 0.015 0.0 0.4 0.005 0.035 0.036 0.1615 0.074999996 0.012 0.056 0.012 3.0295 43.5 5648.5 0.0 
5	0.2752941 0.20529412 1.0852941 0.011176471 0.93470585 0.060588233 0.1264706 0.13470589 0.45882347 1.064706 0.06941177 0.38352942 0.045294117 0.021764707 0.19117647 0.19588237 0.043529414 0.15058823 0.9676471 0.53823525 1.1941175 0.0 0.16058823 0.075294115 0.19647057 0.0 0.08588236 0.028235294 0.0 0.034117647 0.0 0.0 0.0 0.022352941 0.0 0.0 0.07294118 0.0 0.0 0.06882353 0.0 0.0 0.0 0.0 0.0 0.0 0.0 0.0 0.0 0.02870588 0.0 0.6898824 0.17829412 0.006823529 405.098 1275.7646 1422.6471 0.9411765 
6	0.1441228 0.15605262 0.45223668 0.12855263 0.36004382 0.2495175 0.138114 0.16052632 0.43000004 0.426272 0.1425877 0.5545175 0.15592103 0.090263166 0.37087724 0.32026303 0.1378509 0.48276335 1.5934212 0.38929826 0.9773685 0.59929824 0.29328957 0.20021932 0.20859653 0.10429826 0.013640348 0.012149122 0.0025877194 0.010394737 0.015482458 3.9473685E-4 0.054605253 0.0022368422 0.0743421 0.029166665 0.10114034 0.0026754383 0.01359649 0.030789467 0.0062280707 0.019342104 0.028903507 0.013903507 0.043728072 0.04289473 0.0070175435 0.016842104 0.033070184 0.116052635 0.032828942 0.3319298 0.17599559 0.08204822 7.4729753 244.08772 1245.057 0.7719298 
7	0.1405806 0.1702096 0.3567904 0.26898387 0.37125802 0.12583867 0.14208065 0.14701614 0.23590326 0.36354852 0.09295165 0.697758 0.11877419 0.085241914 0.08220968 0.2734194 0.24891935 0.19604842 1.6357096 0.13758063 1.0913229 0.3853871 0.15443547 0.14370967 0.59120977 0.15135482 0.049000002 0.033677418 0.020548386 0.0296129 0.031096775 0.008048387 0.073967755 0.008241936 0.04335484 0.056290332 0.11924196 0.017403228 0.029032262 0.060612924 0.027580643 0.064016126 0.018629031 0.018725812 0.07253228 0.0840484 0.011467742 0.023790322 0.10012252 0.1468419 0.015158066 0.4037581 0.13840488 0.07388064 7.464658 93.230644 554.6758 0.6032258 
8	0.25300005 0.22019999 0.301 0.0038 0.246 0.072999984 0.034399997 0.14479998 0.32960004 0.42159998 0.16860002 0.541 0.29359996 0.52700007 0.101600006 0.24179997 0.27640006 0.14180002 1.981 0.0404 0.883 0.12280001 0.3254 0.29299998 0.3514 0.085 0.0026 8.0E-4 0.0033999998 0.0128 0.0 0.0 0.1454 0.0 0.0062 0.061000004 0.15859999 0.0022 0.0074 0.038999997 0.021 0.0045999996 0.012199999 0.016400002 0.049199995 0.091000006 0.0024 0.034 0.03918 0.11160001 0.01732 0.28394 0.32573998 0.08288 6.9563403 291.24 2212.3 0.7 
9	0.323913 0.15521741 0.29369563 0.09369565 0.07586954 0.1128261 0.020869566 0.14565217 0.23521738 0.41673923 0.15347826 0.6632609 0.35717392 0.6910869 0.02717391 0.16478261 0.28739125 0.123478256 1.9728259 0.048695646 0.911087 0.03413043 0.47043476 0.30521744 0.09717391 0.061739128 0.0052173915 0.0015217392 0.002173913 0.0039130435 0.0 0.0 0.3145652 0.0 0.0 0.027608698 0.18021739 0.001521739 0.00673913 0.017391304 0.015217393 0.007826087 0.004565217 0.015652172 0.04478261 0.040652175 0.009782608 0.04978261 0.028326087 0.11284783 0.0044782613 0.26008692 0.34567392 0.092043474 5.5680013 191.04347 3245.1086 0.7826087 
