0	0.08950918 0.22838925 0.25132284 0.022547247 0.30111983 0.081244014 0.10692809 0.090346985 0.03458674 0.19478701 0.044293385 0.51619494 0.080598034 0.03795486 0.022874465 0.24106914 0.115026794 0.1665473 1.6701832 0.053489428 0.7417966 0.024984492 0.071433 0.07359381 0.57684606 0.30434123 0.98455846 0.15452747 0.12359941 0.12636104 0.07731733 0.059393514 0.10210433 0.060031034 0.12383638 0.11203096 0.13795203 0.013867419 0.09480116 0.069723554 0.050174896 0.15900706 0.05347531 0.0977856 0.37091142 0.20699306 0.0044456986 0.03392102 0.022113962 0.13748148 0.01633794 0.2398516 0.050426785 0.03204514 2.5065885 17.911707 84.39492 0.31650212 
1	0.19 0.0 0.38 0.0 0.0 0.19 0.0 0.0 0.0 0.0 0.19 0.19 0.0 0.0 0.0 0.38 0.0 0.19 1.14 0.0 0.38 0.0 0.0 0.0 0.0 0.0 0.0 0.0 0.0 0.0 0.0 0.0 0.0 0.0 0.0 0.0 0.0 0.0 0.0 0.0 0.0 0.0 0.0 0.0 0.0 0.0 0.0 0.0 0.01 0.01 0.0 0.0 0.0 0.003 2.383 21.0 15841.0 1.0 
2	0.0 0.0 0.0 0.04 0.0 0.0 0.0 0.0 0.0 0.0 0.0 0.0 0.0 0.0 0.0 0.02 0.0 0.0 0.02 0.0 0.0 0.0 0.0 0.0 0.0 0.0 0.0 0.0 0.0 0.0 0.0 0.0 0.0 0.0 0.0 0.0 0.0 0.0 0.0 0.0 0.0 0.0 0.0 0.0 0.0 0.0 0.0 0.0 1.024 9.752 0.003 1.542 1.785 1.998 239.571 9989.0 10062.0 1.0 
3	0.096666664 0.013333333 0.2 0.0 0.15333332 0.13333334 0.0 0.096666664 0.096666664 0.31333333 0.060000002 0.07333333 0.120000005 0.0 0.06333333 0.013333333 0.13 0.06333333 0.62666667 0.013333333 0.27666667 3.1766665 0.23 0.18333334 0.0 0.0 0.0 0.0 0.0 0.0 0.0 0.0 0.0 0.046666667 0.0 0.013333333 0.0 0.0 0.026666665 0.0 0.0 0.0 0.0 0.0 0.06333333 0.0 0.0 0.0 0.37233332 0.095 0.0139999995 0.14 0.030000001 0.0036666666 15.187667 493.0 9113.667 1.0 
4	0.005 0.005 0.035 0.0 0.025 0.0 0.0 0.005 0.015 0.065 0.025 0.0 0.0 0.025 0.0 0.0 0.005 0.035 0.005 0.0 0.005 0.0 0.0 0.0 0.0 0.0 0.0 0.0 0.0 0.0 0.0 0.0 0.035 0.0 0.0 0.065 0.0 0.0 0.0 0.005 0.23 0.0 0.0 0.015 0.0 0.4 0.005 0.035 0.036 0.1615 0.074999996 0.012 0.056 0.012 3.0295 43.5 5648.5 0.0 
5	0.26937497 0.17125 1.0825 0.011875 0.97 0.064375 0.134375 0.12 0.46437496 1.013125 0.050625 0.241875 0.048125 0.0 0.203125 0.185 0.04625 0.16 0.88625 0.571875 0.9850001 0.0 0.14750001 0.08 0.20874998 0.0 0.09125 0.03 0.0 0.03625 0.0 0.0 0.0 0.02375 0.0 0.0 0.054375 0.0 0.0 0.073125 0.0 0.0 0.0 0.0 0.0 0.0 0.0 0.0 0.0 0.01825 0.0 0.65512496 0.17718752 0.0031875 426.51038 1302.6875 1449.0625 0.9375 
6	0.14503872 0.16891478 0.43701532 0.16604652 0.34554252 0.23112398 0.12399222 0.15833333 0.41949627 0.46620166 0.13720934 0.581279 0.14984493 0.09182172 0.3444962 0.30670527 0.13720933 0.45790708 1.5538367 0.35352716 1.0204264 0.6921318 0.278721 0.1912015 0.25709307 0.10686046 0.01992248 0.013372093 0.00375969 0.015038759 0.014612405 7.3643407E-4 0.06852711 0.001976744 0.080000006 0.03 0.1082558 0.0032945736 0.017558139 0.028759686 0.0058139535 0.019186044 0.026899224 0.012441857 0.04174419 0.039457366 0.006821705 0.019999998 0.036414728 0.11869768 0.030503869 0.34474048 0.1680077 0.08872094 8.161811 233.27907 1188.4496 0.7596899 
7	0.138813 0.15646887 0.35436207 0.25729972 0.36621675 0.121646926 0.16259648 0.15731455 0.21899106 0.34419894 0.09752226 0.6639019 0.11143919 0.07890207 0.06777448 0.27591994 0.27249247 0.18360543 1.6524479 0.14626108 1.0793315 0.40544504 0.14906523 0.1368101 0.5780565 0.15839766 0.04913949 0.03339763 0.023308603 0.02943621 0.029243328 0.008501484 0.06770028 0.009272998 0.03683976 0.057299703 0.141365 0.015415425 0.029807117 0.058872405 0.028679525 0.058857583 0.021854602 0.019124633 0.08240357 0.11302671 0.010311573 0.025267063 0.124626115 0.14779374 0.016317511 0.38453585 0.1324644 0.08359938 7.6326733 88.046 506.41544 0.5964392 
8	0.23745461 0.20854546 0.30709094 0.005272727 0.2467273 0.08727274 0.031272724 0.15236364 0.31618184 0.4054546 0.16018185 0.5496363 0.27490905 0.4814546 0.11000007 0.25963634 0.26999998 0.164 1.8892729 0.052727275 0.8438183 0.11163636 0.3158182 0.28054544 0.35636365 0.090363644 0.002727273 0.0018181817 0.0030909092 0.014363637 0.0065454547 0.0 0.13709092 0.0 0.009636363 0.064363636 0.15836363 0.0049090907 0.012545454 0.037272725 0.01909091 0.004181818 0.01181818 0.015999999 0.045272727 0.082727276 0.0021818182 0.03327273 0.03943637 0.113036364 0.016709091 0.2758 0.30349088 0.07969091 6.8412366 287.52728 2168.8909 0.6727273 
9	0.32391307 0.15521741 0.29369566 0.09369565 0.075869545 0.1128261 0.020869568 0.1456522 0.23521738 0.41673914 0.15347826 0.6632608 0.35717392 0.69108695 0.02717391 0.16478263 0.2873913 0.12347827 1.9728259 0.048695646 0.91108704 0.03413043 0.47043476 0.30521742 0.09717391 0.061739128 0.0052173915 0.0015217392 0.0021739127 0.0039130435 0.0 0.0 0.3145652 0.0 0.0 0.027608693 0.18021739 0.0015217392 0.0067391307 0.017391305 0.015217391 0.007826087 0.004565217 0.015652174 0.044782598 0.040652175 0.009782609 0.04978261 0.028326087 0.11284785 0.0044782613 0.26008692 0.3456739 0.092043474 5.568 191.04347 3245.1086 0.7826087 
