0	0.09067881 0.22390987 0.25452068 0.027322834 0.30141196 0.08172147 0.11072226 0.095457524 0.038514778 0.20167802 0.047865864 0.51348656 0.080659784 0.038085792 0.023942431 0.24267176 0.12468915 0.16785504 1.6626902 0.0593022 0.75027084 0.052335057 0.074860156 0.07321749 0.5747814 0.30107507 0.9506814 0.15166168 0.120526716 0.12362747 0.076022245 0.05792289 0.10041537 0.058617976 0.12104806 0.11027414 0.14165628 0.01336682 0.09322294 0.06941895 0.049174584 0.1545425 0.052747753 0.095935374 0.3618494 0.20658714 0.0048900354 0.034390442 0.031417858 0.1380643 0.016468912 0.24024327 0.051431432 0.03712354 2.7081258 19.437416 93.76595 0.32392073 
1	0.19 0.0 0.38 0.0 0.0 0.19 0.0 0.0 0.0 0.0 0.19 0.19 0.0 0.0 0.0 0.38 0.0 0.19 1.14 0.0 0.38 0.0 0.0 0.0 0.0 0.0 0.0 0.0 0.0 0.0 0.0 0.0 0.0 0.0 0.0 0.0 0.0 0.0 0.0 0.0 0.0 0.0 0.0 0.0 0.0 0.0 0.0 0.0 0.01 0.01 0.0 0.0 0.0 0.003 2.383 21.0 15841.0 1.0 
2	0.0 0.0 0.0 0.04 0.0 0.0 0.0 0.0 0.0 0.0 0.0 0.0 0.0 0.0 0.0 0.02 0.0 0.0 0.02 0.0 0.0 0.0 0.0 0.0 0.0 0.0 0.0 0.0 0.0 0.0 0.0 0.0 0.0 0.0 0.0 0.0 0.0 0.0 0.0 0.0 0.0 0.0 0.0 0.0 0.0 0.0 0.0 0.0 1.024 9.752 0.003 1.542 1.785 1.998 239.571 9989.0 10062.0 1.0 
3	0.096666664 0.013333333 0.2 0.0 0.15333334 0.13333334 0.0 0.096666664 0.096666664 0.31333333 0.06 0.07333333 0.120000005 0.0 0.06333333 0.013333333 0.13 0.06333333 0.62666667 0.013333333 0.27666667 3.1766665 0.23 0.18333334 0.0 0.0 0.0 0.0 0.0 0.0 0.0 0.0 0.0 0.046666667 0.0 0.013333333 0.0 0.0 0.026666665 0.0 0.0 0.0 0.0 0.0 0.06333333 0.0 0.0 0.0 0.37233332 0.095 0.0139999995 0.14 0.030000001 0.0036666666 15.187665 493.0 9113.667 1.0 
4	0.005 0.005 0.035 0.0 0.025 0.0 0.0 0.005 0.015 0.065 0.025 0.0 0.0 0.025 0.0 0.0 0.005 0.035 0.005 0.0 0.005 0.0 0.0 0.0 0.0 0.0 0.0 0.0 0.0 0.0 0.0 0.0 0.035 0.0 0.0 0.065 0.0 0.0 0.0 0.005 0.23 0.0 0.0 0.015 0.0 0.4 0.005 0.035 0.036 0.1615 0.074999996 0.012 0.056 0.012 3.0295 43.5 5648.5 0.0 
5	0.295 0.083333336 1.3824998 0.015833333 0.8858333 0.0 0.054166663 0.0 0.49583337 0.6858334 0.0 0.033333335 0.0 0.0 0.0 0.065 0.0 0.0 0.295 0.7258334 0.40083334 0.0 0.0 0.033333335 0.27833334 0.0 0.12166667 0.04 0.0 0.048333332 0.0 0.0 0.0 0.031666666 0.0 0.0 0.048333332 0.0 0.0 0.0 0.0 0.0 0.0 0.0 0.0 0.0 0.0 0.0 0.0 0.007333333 0.0 0.76383334 0.18825 0.0025 537.20825 1405.5834 1442.75 0.9166667 
6	0.1433117 0.12318183 0.29136372 0.12681818 0.2847403 0.09798702 0.07324674 0.13701303 0.34850648 0.36396107 0.099675335 0.5118183 0.15876627 0.16857143 0.06922078 0.30636364 0.14038962 0.25129873 1.5622731 0.18090908 0.9012338 0.88435066 0.17181818 0.18909091 0.34292212 0.12961039 0.017792206 0.011883116 0.0048051947 0.017142856 0.020129869 5.844156E-4 0.07480519 0.0014285714 0.07759741 0.050714284 0.14629869 0.0035064933 0.019025972 0.031493496 0.010129871 0.023181818 0.005714286 0.018766234 0.03655844 0.052402597 0.009220778 0.03058441 0.042467542 0.12588312 0.038344137 0.2799415 0.17354546 0.11366236 5.7263556 104.94156 1429.1884 0.6363636 
7	0.14693171 0.17647727 0.3696592 0.2711526 0.36324686 0.13319808 0.13946435 0.14751622 0.2572078 0.37771112 0.09167208 0.69881463 0.12269477 0.08308441 0.09308439 0.27862033 0.23501632 0.21228899 1.6678895 0.13811687 1.1024507 0.34326297 0.1591071 0.16498373 0.56417215 0.13972402 0.039821427 0.02181818 0.016801948 0.02353896 0.024090907 0.004951299 0.075730525 0.0056168837 0.04340909 0.052678578 0.116477296 0.0175487 0.024383117 0.05400974 0.02746753 0.05798702 0.016915586 0.010503247 0.06655844 0.085470796 0.008262986 0.02 0.08150647 0.14250965 0.01748863 0.4151966 0.15088484 0.064612016 7.666917 104.12825 601.35065 0.63474023 
8	0.19041099 0.24780817 0.6350685 0.12547944 0.58534247 0.5036987 0.25657535 0.18150684 0.56068486 0.5271235 0.25506854 0.7683561 0.230137 0.23506849 0.940548 0.30821922 0.20986298 0.75890416 1.9720551 0.7038355 1.2413697 0.08438357 0.5956163 0.2236986 0.0012328768 0.0012328768 0.0 0.0 0.0 0.0 0.0 0.0 0.004931507 0.0 0.0065753423 0.0012328768 0.009041095 0.0 0.0012328768 0.037671234 0.0 0.0 0.085068494 0.010958903 0.04931505 0.034246575 0.0 0.0 0.009698629 0.09436988 0.0010273973 0.40480816 0.21798632 0.038657546 16.512892 662.8493 1527.1644 1.0 
9	0.2958929 0.15357144 0.30928573 0.07928572 0.088571444 0.102857165 0.019821426 0.13160715 0.23642857 0.39750004 0.14464286 0.6251785 0.31982142 0.62714285 0.02428571 0.1546429 0.26250002 0.115714304 1.8764285 0.040357143 0.8555357 0.028035713 0.41642857 0.28642863 0.13535713 0.10803572 0.005 0.0016071427 0.002142857 0.003214286 0.0 0.0 0.3378571 0.0 1.7857143E-4 0.03267857 0.22999997 0.0028571426 0.005535714 0.03125 0.015357142 0.0075 0.0057142857 0.015357142 0.05035713 0.044464286 0.009285714 0.05125 0.037339292 0.1190893 0.008982143 0.24292858 0.34916076 0.082517855 6.463231 202.21428 3110.8928 0.75 
