0	0.09135094 0.22182383 0.25730318 0.039427746 0.30575395 0.08354588 0.117724076 0.09572251 0.043404732 0.20329757 0.048834592 0.51757544 0.081152305 0.037632596 0.02393258 0.24551085 0.13087277 0.16996606 1.6728266 0.06125948 0.760483 0.064975165 0.07674941 0.07441077 0.5689756 0.2938776 0.91879004 0.14710738 0.11741833 0.119992144 0.07547946 0.056043897 0.09778412 0.056712832 0.11847661 0.107859865 0.13967602 0.014397702 0.09124905 0.0727724 0.047974914 0.14979358 0.05191533 0.09269139 0.3521274 0.20036857 0.005105828 0.03369219 0.034795403 0.13782732 0.016371572 0.24296969 0.05473479 0.038118884 2.933545 22.143454 105.03632 0.33472693 
1	0.19 0.0 0.38 0.0 0.0 0.19 0.0 0.0 0.0 0.0 0.19 0.19 0.0 0.0 0.0 0.38 0.0 0.19 1.14 0.0 0.38 0.0 0.0 0.0 0.0 0.0 0.0 0.0 0.0 0.0 0.0 0.0 0.0 0.0 0.0 0.0 0.0 0.0 0.0 0.0 0.0 0.0 0.0 0.0 0.0 0.0 0.0 0.0 0.01 0.01 0.0 0.0 0.0 0.003 2.383 21.0 15841.0 1.0 
2	0.0 0.0 0.0 0.04 0.0 0.0 0.0 0.0 0.0 0.0 0.0 0.0 0.0 0.0 0.0 0.02 0.0 0.0 0.02 0.0 0.0 0.0 0.0 0.0 0.0 0.0 0.0 0.0 0.0 0.0 0.0 0.0 0.0 0.0 0.0 0.0 0.0 0.0 0.0 0.0 0.0 0.0 0.0 0.0 0.0 0.0 0.0 0.0 1.024 9.752 0.003 1.542 1.785 1.998 239.571 9989.0 10062.0 1.0 
3	0.096666664 0.013333333 0.2 0.0 0.15333332 0.13333334 0.0 0.096666664 0.096666664 0.31333333 0.060000002 0.07333333 0.120000005 0.0 0.06333333 0.013333333 0.13 0.06333333 0.62666667 0.013333333 0.27666667 3.1766665 0.23 0.18333334 0.0 0.0 0.0 0.0 0.0 0.0 0.0 0.0 0.0 0.046666667 0.0 0.013333333 0.0 0.0 0.026666665 0.0 0.0 0.0 0.0 0.0 0.06333333 0.0 0.0 0.0 0.37233332 0.095 0.0139999995 0.14 0.030000001 0.0036666666 15.187667 493.0 9113.667 1.0 
4	0.005 0.005 0.035 0.0 0.025 0.0 0.0 0.005 0.015 0.065 0.025 0.0 0.0 0.025 0.0 0.0 0.005 0.035 0.005 0.0 0.005 0.0 0.0 0.0 0.0 0.0 0.0 0.0 0.0 0.0 0.0 0.0 0.035 0.0 0.0 0.065 0.0 0.0 0.0 0.005 0.23 0.0 0.0 0.015 0.0 0.4 0.005 0.035 0.036 0.1615 0.074999996 0.012 0.056 0.012 3.0295 43.5 5648.5 0.0 
5	0.28055558 0.23555557 1.0877777 0.010555555 0.90333337 0.05722222 0.11944445 0.14777778 0.45388883 1.11 0.08611111 0.50888896 0.042777777 0.04111111 0.18055555 0.20555556 0.04111111 0.14222223 1.0394444 0.5083334 1.3788888 0.0 0.17222223 0.07111111 0.18555556 0.0 0.08111111 0.026666665 0.0 0.032222223 0.0 0.0 0.0 0.02111111 0.0 0.0 0.06888889 0.0 0.0 0.065 0.0 0.0 0.0 0.0 0.0 0.0 0.0 0.0 0.0 0.038055554 0.0 0.72088885 0.17933334 0.010055555 385.85394 1251.6666 1399.0555 0.9444444 
6	0.13569444 0.14020835 0.4482638 0.19923611 0.40381932 0.29916665 0.15375002 0.15034728 0.39520833 0.3004167 0.15909722 0.5838891 0.17416668 0.13833334 0.47319448 0.31951392 0.17368057 0.44840294 1.615486 0.3965972 0.8372221 0.49083334 0.36756948 0.18305555 0.21534722 0.07194444 0.0046527777 0.004166667 0.0045138886 0.00923611 0.0071527776 0.0 0.047222227 9.0277777E-4 0.010555557 0.045833334 0.08347224 0.0034027777 0.012986112 0.024444437 0.006666667 0.0050694444 0.043333333 0.01645833 0.040138885 0.054652773 7.638889E-4 0.015069442 0.027881946 0.12110416 0.019465277 0.283 0.1598125 0.079833336 7.0803676 306.72223 1547.368 0.7638889 
7	0.15648034 0.17428309 0.37286776 0.21744879 0.3418808 0.13122912 0.09173186 0.15599625 0.30327743 0.4246557 0.096443176 0.69945997 0.13186218 0.107299805 0.11065175 0.26854765 0.20329608 0.23055877 1.5829598 0.16821231 1.1260891 0.42310995 0.16065177 0.18273756 0.57517684 0.14888266 0.021880817 0.019106144 0.009273741 0.022197394 0.014972066 0.0037057728 0.08815644 0.004469274 0.055865925 0.050316572 0.12931105 0.009292365 0.019013042 0.024748603 0.027988827 0.06420856 0.012551211 0.011899439 0.053780273 0.09188081 0.0090689 0.023426447 0.06678026 0.14163308 0.022255119 0.43515655 0.15740414 0.07076354 7.346073 107.29609 718.97577 0.6443203 
8	0.36666664 0.2852381 0.3671429 0.0 0.22047623 0.050476182 0.02047619 0.16380954 0.45142856 0.65 0.22857144 0.54952383 0.42571425 0.74190474 0.13285713 0.15761906 0.3438095 0.1295238 2.5 0.02047619 1.137619 0.0 0.47285715 0.44285712 0.081428565 0.084285714 4.7619047E-4 0.0 0.0 0.0 0.0 0.0 0.12666667 0.0 0.0033333334 0.022857143 0.11857143 0.0019047619 0.008095238 0.05619048 0.004761905 9.5238094E-4 0.01 9.5238094E-4 0.07619047 0.018571429 0.0023809525 0.02047619 0.031428576 0.10200001 0.0055238097 0.3498095 0.5112857 0.08204762 10.204191 556.2381 2444.1428 0.9047619 
9	0.31148937 0.15106384 0.2868085 0.09446809 0.06978721 0.11234041 0.020425534 0.13425533 0.22446811 0.37276596 0.14659575 0.6555319 0.33276594 0.67680854 0.021489361 0.16404256 0.26914892 0.11574467 1.882553 0.047659576 0.85404265 0.033404253 0.44744682 0.2838298 0.12489361 0.09106383 0.005744681 0.0019148935 0.0025531913 0.0038297875 0.0 0.0 0.34595746 0.0 0.0 0.0306383 0.22106384 0.0025531913 0.0048936172 0.013404255 0.016170213 0.008510638 0.004893617 0.01787234 0.04021276 0.04595745 0.01 0.051914886 0.033212762 0.1174681 0.008234043 0.2427872 0.33710638 0.08985105 5.145724 164.48936 3222.9363 0.7446808 
