0	0.09256599 0.21796925 0.25764745 0.05229454 0.30995217 0.08487813 0.117059566 0.09657703 0.050618235 0.2068659 0.05035436 0.52627313 0.08311887 0.03835386 0.024890669 0.24463926 0.1333601 0.17077158 1.6749129 0.062186483 0.7686351 0.081223905 0.08188742 0.076951504 0.56843686 0.28896454 0.88430256 0.14249054 0.11355363 0.11631563 0.07286501 0.05418698 0.09744403 0.054810252 0.115111835 0.10628289 0.1387635 0.014315154 0.088270955 0.070248805 0.047612466 0.14623523 0.050251313 0.08965317 0.34142298 0.2003419 0.0055541606 0.033352602 0.034881875 0.1377653 0.016298817 0.24263084 0.05673765 0.039306346 3.0164206 23.78663 120.12641 0.34606686 
1	0.19 0.0 0.38 0.0 0.0 0.19 0.0 0.0 0.0 0.0 0.19 0.19 0.0 0.0 0.0 0.38 0.0 0.19 1.14 0.0 0.38 0.0 0.0 0.0 0.0 0.0 0.0 0.0 0.0 0.0 0.0 0.0 0.0 0.0 0.0 0.0 0.0 0.0 0.0 0.0 0.0 0.0 0.0 0.0 0.0 0.0 0.0 0.0 0.01 0.01 0.0 0.0 0.0 0.003 2.383 21.0 15841.0 1.0 
2	0.0 0.0 0.0 0.04 0.0 0.0 0.0 0.0 0.0 0.0 0.0 0.0 0.0 0.0 0.0 0.02 0.0 0.0 0.02 0.0 0.0 0.0 0.0 0.0 0.0 0.0 0.0 0.0 0.0 0.0 0.0 0.0 0.0 0.0 0.0 0.0 0.0 0.0 0.0 0.0 0.0 0.0 0.0 0.0 0.0 0.0 0.0 0.0 1.024 9.752 0.003 1.542 1.785 1.998 239.571 9989.0 10062.0 1.0 
3	0.096666664 0.013333333 0.2 0.0 0.15333332 0.13333334 0.0 0.096666664 0.096666664 0.31333333 0.060000002 0.07333333 0.120000005 0.0 0.06333333 0.013333333 0.13 0.06333333 0.62666667 0.013333333 0.27666667 3.1766665 0.23 0.18333334 0.0 0.0 0.0 0.0 0.0 0.0 0.0 0.0 0.0 0.046666667 0.0 0.013333333 0.0 0.0 0.026666665 0.0 0.0 0.0 0.0 0.0 0.06333333 0.0 0.0 0.0 0.37233332 0.095 0.0139999995 0.14 0.030000001 0.0036666666 15.187667 493.0 9113.667 1.0 
4	0.005 0.005 0.035 0.0 0.025 0.0 0.0 0.005 0.015 0.065 0.025 0.0 0.0 0.025 0.0 0.0 0.005 0.035 0.005 0.0 0.005 0.0 0.0 0.0 0.0 0.0 0.0 0.0 0.0 0.0 0.0 0.0 0.035 0.0 0.0 0.065 0.0 0.0 0.0 0.005 0.23 0.0 0.0 0.015 0.0 0.4 0.005 0.035 0.036 0.1615 0.074999996 0.012 0.056 0.012 3.0295 43.5 5648.5 0.0 
5	0.27642855 0.1642857 1.2057142 0.013571428 0.8557144 0.042142857 0.09071428 0.07428571 0.49928573 0.7464286 0.057857145 0.1507143 0.02357143 0.0 0.07428571 0.14857142 0.052857142 0.12 0.5378572 0.6535714 0.6507142 0.0 0.105714284 0.028571429 0.23857142 0.0 0.10428572 0.034285713 0.0 0.04142857 0.0 0.0 0.0 0.027142856 0.0 0.0 0.062142856 0.0 0.0 0.020714285 0.0 0.0 0.0 0.0 0.0 0.0 0.0 0.0 0.0 0.020857142 0.0 0.6665 0.18064286 0.003642857 475.0583 1340.5 1408.4286 0.9285714 
6	0.19700004 0.17616668 0.2855 0.0061666667 0.26766667 0.083166674 0.041333333 0.18433334 0.26066667 0.3455 0.12783334 0.54033333 0.2145 0.28283337 0.044499993 0.27549997 0.26450002 0.14200002 1.7474998 0.09833334 0.84116673 0.5485 0.23250003 0.25233334 0.3455 0.08799999 0.004333333 0.0025 0.0028333333 0.016999999 0.006 0.0 0.14350002 0.0021666666 0.0076666665 0.08650001 0.18083332 0.0084999995 0.0145000005 0.020333333 0.017500002 0.0038333333 0.0074999994 0.017333332 0.042999994 0.08566667 0.0029999998 0.03883333 0.03925 0.117750004 0.030350003 0.23298335 0.22818333 0.105799995 6.2444997 134.3 1934.3667 0.6166667 
7	0.15807521 0.18414234 0.4424476 0.18389119 0.34156898 0.18874489 0.112656906 0.16131799 0.35769886 0.44426778 0.11583681 0.6757118 0.13464431 0.11974896 0.2404184 0.29669458 0.18882844 0.31081605 1.5327199 0.26782414 1.13385 0.39843103 0.1962343 0.18786606 0.49481183 0.12903765 0.020376569 0.014100417 0.006297071 0.018033471 0.015983261 0.0017991632 0.07610882 0.0028242678 0.055146456 0.03910042 0.11861925 0.006631798 0.019225938 0.03018828 0.019351464 0.05529289 0.02345188 0.01213389 0.04581591 0.046569042 0.0048326356 0.019309623 0.06771337 0.14065894 0.022698743 0.47789955 0.17114428 0.06949578 8.281428 178.73222 914.2427 0.6882845 
8	0.3770588 0.28117645 0.37529412 0.0 0.48352942 0.11176471 0.06647058 0.26411763 0.5017648 0.9647059 0.21941173 0.5917647 0.4635294 0.65176463 0.44352946 0.18117648 0.33 0.34882358 2.737647 0.05588235 1.4447061 0.0 0.6405883 0.48882356 0.0 0.0 0.0 0.0 0.0 0.0 0.0 0.0 0.0 0.0 0.00882353 0.018823529 0.0 0.0 0.01 0.12941177 0.0 0.0 0.016470589 0.0 0.049999993 0.008235294 0.0 0.0 0.012529411 0.070823535 0.0 0.43688232 0.423 0.07429412 21.565233 818.41174 2309.1177 1.0 
9	0.31695655 0.15347828 0.28673914 0.09652174 0.0695652 0.11347826 0.020869568 0.13434783 0.22891305 0.37847835 0.1497826 0.6595652 0.34000006 0.69108695 0.021521738 0.16478261 0.2721739 0.11652174 1.9182608 0.048695646 0.86891305 0.03413043 0.45717397 0.29000002 0.12760869 0.09304347 0.0058695646 0.0015217392 0.0021739132 0.0039130435 0.0 0.0 0.3165217 0.0 0.0 0.02652174 0.2078261 0.002173913 0.0050000004 0.013695651 0.015217391 0.007826087 0.0045652175 0.01695652 0.041086953 0.040652175 0.009782609 0.049782608 0.033239134 0.11619565 0.008413043 0.24799995 0.34436953 0.09180435 5.20974 166.34782 3235.8044 0.76086956 
