0	0.18296002 0.22603993 0.44619998 0.23228002 0.33820015 0.16864 0.08719999 0.18348004 0.39108008 0.54327977 0.112320006 0.70620024 0.14787999 0.13304003 0.17263992 0.23179996 0.17287996 0.29408 1.6620002 0.18571997 1.2352004 0.30288002 0.16864003 0.23271994 0.52168006 0.13235998 0.02508 0.019160004 0.008120001 0.023319997 0.01604 0.00308 0.08951999 0.0038400001 0.05828001 0.039639995 0.10291997 0.0066400003 0.022359997 0.031640004 0.00684 0.08088 0.01696 0.008559998 0.043560006 0.024599997 0.004 0.019719996 0.072092 0.13512 0.031404 0.6173441 0.20727204 0.055928 7.403975 132.696 811.28 0.688 
1	0.31653336 0.19293337 0.30146667 0.0592 0.13173336 0.088000044 0.026799994 0.1332 0.30426672 0.45346665 0.17093337 0.6069334 0.34653342 0.6787999 0.051866658 0.158 0.28226677 0.11360001 2.0641334 0.038266663 0.95186657 0.020933332 0.42613333 0.3249333 0.101066664 0.08066667 0.0037333334 0.0011999999 0.0015999997 0.0024 0.0 0.0 0.25320002 0.0 9.3333336E-4 0.027866665 0.1744 0.0021333334 0.0053333333 0.024266664 0.0176 0.0056 0.0058666663 0.0118666645 0.049999986 0.044666663 0.007066666 0.0392 0.031600002 0.112226665 0.009133333 0.2736267 0.3786133 0.08550667 6.4576926 252.41333 3000.28 0.7866667 
2	0.096 0.007999999 0.19600001 0.007999999 0.092 0.11800001 0.0 0.058 0.058 0.188 0.074 0.082 0.072000004 0.0 0.038 0.088 0.077999994 0.076 0.608 0.007999999 0.24200001 1.9059999 0.138 0.11 0.0 0.0 0.0 0.0 0.0 0.0 0.0 0.0 0.0 0.028 0.0 0.007999999 0.0 0.0 0.015999999 0.0 0.0 0.0 0.0 0.0 0.038 0.0 0.0 0.0 0.4302 2.0094001 0.009000001 0.3924 0.375 0.40240002 57.5034 2297.8 10648.8 1.0 
3	0.08411764 0.2732353 0.42852944 0.020588236 0.6094118 0.14014708 1.0008825 0.23308823 0.2317647 0.612353 0.19058825 0.69250005 0.061029404 0.03514706 0.05779412 0.75955886 0.7269119 0.24764703 2.0457356 0.21249999 1.769559 0.012647059 0.12514706 0.10720589 0.039705884 0.011617647 0.09691176 0.029264705 0.007352941 0.0036764706 0.10647058 0.0 0.0 0.0070588235 0.049852937 0.0066176467 0.09352942 0.0 0.015735295 0.27941173 0.0 0.0029411765 0.0 0.004117647 0.15470588 0.0 0.0 0.026029412 0.011397058 0.122602955 0.008735293 0.50191176 0.17094117 0.048455887 31.153446 242.26471 403.25 0.7941176 
4	0.12754568 0.11355093 0.30454308 0.28193212 0.33744124 0.104020886 0.06274151 0.13749346 0.19342043 0.25556144 0.08600521 0.63785875 0.111879915 0.048851173 0.04634465 0.21524806 0.23733681 0.17631857 1.5338641 0.13297649 0.9262137 0.47368142 0.16462144 0.11496088 0.6706006 0.17885117 0.049138375 0.04276762 0.030574407 0.035770234 0.023159271 0.011618799 0.07169714 0.010939948 0.039660573 0.07174936 0.1383029 0.024073107 0.033838123 0.03308094 0.04817232 0.053812016 0.021044388 0.025874676 0.07028718 0.12819844 0.016553525 0.02229765 0.13014622 0.14943594 0.01400783 0.24673621 0.10938115 0.08587204 4.2097025 51.45692 467.15927 0.5613577 
5	0.10346606 0.08996684 0.26182413 0.004925373 0.35772786 0.106218964 0.13164182 0.12538143 0.045820896 0.22432834 0.045472644 0.52661693 0.089510806 0.031757876 0.03796849 0.28666678 0.14462684 0.18161698 1.6732255 0.0546932 0.88985014 0.017993366 0.10021556 0.0856219 0.5685903 0.3457544 0.21087895 0.21388893 0.08072971 0.12125212 0.0631592 0.057421222 0.09043119 0.059029847 0.12691544 0.1263102 0.17048922 0.0032504147 0.10529852 0.061732993 0.035058044 0.056401324 0.086708136 0.0682753 0.28329188 0.19177443 0.0070978454 0.027744614 0.021054732 0.15604813 0.017486732 0.24742521 0.06506798 0.04051742 2.8340893 20.774462 105.34826 0.44361526 
6	0.09257553 0.13815582 0.35352942 0.14987282 0.40521455 0.13036564 0.17883949 0.13408588 0.062400635 0.2548013 0.08011128 0.54876006 0.11890303 0.0345151 0.032543723 0.2944675 0.27891898 0.2500478 1.7011602 0.1490302 0.9694432 0.20259145 0.16249603 0.09467411 0.48249605 0.23168525 0.08771065 0.082543716 0.05163752 0.0826073 0.035151035 0.026073132 0.096200325 0.027058827 0.06831478 0.08282987 0.1789984 0.006406995 0.049332276 0.060540527 0.03523053 0.031287756 0.04615263 0.035580285 0.14254373 0.1619714 0.0017329092 0.02882353 0.0647027 0.14515096 0.01812719 0.28727207 0.101529375 0.055459462 4.0492353 48.860096 230.71542 0.57710654 
7	0.080619365 0.3497972 0.21220154 0.0 0.22413853 0.0473536 0.06304619 0.053507883 0.01780405 0.15662159 0.031193703 0.49614275 0.060506772 0.04361486 0.008350225 0.1949043 0.04009572 0.12643579 1.6598923 0.020867119 0.56130064 0.0 0.021430176 0.05811373 0.61160463 0.2985754 1.7931988 0.13464527 0.17464527 0.14190878 0.09944259 0.070670046 0.1110473 0.070670046 0.13766329 0.11054054 0.10737611 0.023203827 0.10220722 0.07714526 0.06386825 0.26811382 0.033136263 0.13675115 0.5034066 0.23935813 0.0034403154 0.040760145 0.017938625 0.12283615 0.015388514 0.2187077 0.021661038 0.024242679 1.8001996 6.4363737 27.050112 0.1447072 
8	0.17648657 0.17337833 0.7995943 0.12635134 0.6632433 0.48770267 0.25445953 0.15310812 0.55148655 0.50756776 0.2018919 0.6685135 0.15945949 0.114594586 0.89608103 0.29162169 0.13162158 0.7195947 1.5748649 0.7536487 1.0644594 0.08324325 0.5032433 0.15797295 0.04635135 0.0012162162 0.01972973 0.006486486 0.0 0.007837838 0.0 0.0 0.0028378377 0.0051351353 0.0056756753 0.0 0.016756756 0.0 0.0 0.036351345 0.0 0.0 0.075675674 0.010810809 0.041351344 0.032972973 0.0 0.0 0.008135135 0.07805407 0.0010135135 0.46539187 0.16716215 0.025256759 102.03255 784.5405 1414.5 0.9864865 
9	0.12792598 0.12977777 0.2682222 0.14466666 0.27792594 0.09059261 0.055703696 0.1325185 0.27214807 0.33125937 0.09266666 0.5008148 0.14703709 0.13718517 0.074592605 0.31074065 0.14903705 0.2156296 1.4440005 0.1962222 0.8197037 0.9871111 0.16985184 0.16000003 0.3842964 0.14466667 0.02029629 0.012444444 0.0054814816 0.018222224 0.021629632 6.666667E-4 0.08533335 0.0016296296 0.0802963 0.057555564 0.16177776 0.0039999997 0.015777778 0.034592584 0.011555556 0.026444444 0.009703702 0.020518517 0.038814817 0.059777774 0.010518517 0.03311111 0.042711116 0.13657033 0.027185185 0.22660737 0.14833331 0.12057036 6.0750585 111.08889 1415.5703 0.5925926 
