0	0.09209205 0.22082749 0.25771245 0.050251864 0.31001562 0.08412237 0.11800566 0.09601904 0.047450516 0.20348486 0.04989463 0.5206455 0.082079135 0.037568744 0.024870204 0.24601127 0.13265483 0.17137758 1.674857 0.061881267 0.76266474 0.07621174 0.078799784 0.076790035 0.5656797 0.29075032 0.90397316 0.14517602 0.115615495 0.11811871 0.074448705 0.05541249 0.09751731 0.055939347 0.11702133 0.10740932 0.1386122 0.014335647 0.089825265 0.07164738 0.047519915 0.14804164 0.05117193 0.09121561 0.347104 0.19799548 0.005021846 0.033346187 0.034578778 0.13755542 0.016186329 0.24249475 0.056227464 0.03889641 2.9739015 22.83449 111.01388 0.34078643 
1	0.19 0.0 0.38 0.0 0.0 0.19 0.0 0.0 0.0 0.0 0.19 0.19 0.0 0.0 0.0 0.38 0.0 0.19 1.14 0.0 0.38 0.0 0.0 0.0 0.0 0.0 0.0 0.0 0.0 0.0 0.0 0.0 0.0 0.0 0.0 0.0 0.0 0.0 0.0 0.0 0.0 0.0 0.0 0.0 0.0 0.0 0.0 0.0 0.01 0.01 0.0 0.0 0.0 0.003 2.383 21.0 15841.0 1.0 
2	0.0 0.0 0.0 0.04 0.0 0.0 0.0 0.0 0.0 0.0 0.0 0.0 0.0 0.0 0.0 0.02 0.0 0.0 0.02 0.0 0.0 0.0 0.0 0.0 0.0 0.0 0.0 0.0 0.0 0.0 0.0 0.0 0.0 0.0 0.0 0.0 0.0 0.0 0.0 0.0 0.0 0.0 0.0 0.0 0.0 0.0 0.0 0.0 1.024 9.752 0.003 1.542 1.785 1.998 239.571 9989.0 10062.0 1.0 
3	0.096666664 0.013333333 0.2 0.0 0.15333332 0.13333334 0.0 0.096666664 0.096666664 0.31333333 0.060000002 0.07333333 0.120000005 0.0 0.06333333 0.013333333 0.13 0.06333333 0.62666667 0.013333333 0.27666667 3.1766665 0.23 0.18333334 0.0 0.0 0.0 0.0 0.0 0.0 0.0 0.0 0.0 0.046666667 0.0 0.013333333 0.0 0.0 0.026666665 0.0 0.0 0.0 0.0 0.0 0.06333333 0.0 0.0 0.0 0.37233332 0.095 0.0139999995 0.14 0.030000001 0.0036666666 15.187667 493.0 9113.667 1.0 
4	0.005 0.005 0.035 0.0 0.025 0.0 0.0 0.005 0.015 0.065 0.025 0.0 0.0 0.025 0.0 0.0 0.005 0.035 0.005 0.0 0.005 0.0 0.0 0.0 0.0 0.0 0.0 0.0 0.0 0.0 0.0 0.0 0.035 0.0 0.0 0.065 0.0 0.0 0.0 0.005 0.23 0.0 0.0 0.015 0.0 0.4 0.005 0.035 0.036 0.1615 0.074999996 0.012 0.056 0.012 3.0295 43.5 5648.5 0.0 
5	0.2535294 0.16117647 1.0188235 0.011176471 0.92941177 0.11117646 0.1264706 0.112941176 0.43705875 0.95352936 0.04764706 0.26117644 0.061764702 0.0 0.19117647 0.17411765 0.06 0.15058823 0.8505882 0.53823525 0.94352937 0.0 0.13882354 0.075294115 0.19647059 0.0 0.08588236 0.028235294 0.0 0.034117647 0.0 0.0 0.0 0.022352941 0.0 0.0 0.05117647 0.0 0.0 0.068823524 0.0 0.0 0.0 0.0 0.0 0.0 0.0 0.0 0.0049411766 0.024588235 0.0 0.61658823 0.16676472 0.003 403.0379 1271.4706 1441.4117 0.9411765 
6	0.15408006 0.14488001 0.47135985 0.00296 0.41224 0.30648008 0.15152 0.15448003 0.38567996 0.30928007 0.16744003 0.61159986 0.19792 0.16752005 0.49424005 0.32735997 0.18336003 0.44880015 1.6964003 0.41648006 0.85791975 0.38288 0.40743995 0.20928003 0.23648003 0.08208 0.00464 0.00416 0.0036 0.009679999 0.0065600006 0.0 0.06952 0.00104 0.01096 0.053680003 0.10024 0.0042399997 0.013279999 0.02631999 0.008479999 0.00184 0.043439995 0.016400002 0.048639983 0.0588 0.00128 0.020079998 0.027584001 0.10769596 0.020952 0.295336 0.17481607 0.075423986 6.868896 313.864 1640.696 0.752 
7	0.15545085 0.17609218 0.38607192 0.2013026 0.31206426 0.13448896 0.087955944 0.16018036 0.31140298 0.4499599 0.09627256 0.6934672 0.12669337 0.11505012 0.12156305 0.26665336 0.19370738 0.2326854 1.543868 0.17847694 1.1508019 0.4051102 0.15432867 0.1720441 0.57803607 0.15066129 0.021442883 0.016913828 0.009378756 0.02334669 0.01488978 0.0017234469 0.08595192 0.0035671345 0.056593183 0.043927852 0.13424851 0.008637276 0.020280559 0.02657315 0.02751503 0.06458918 0.014448898 0.013106212 0.05256513 0.093386784 0.00975952 0.02376753 0.070893764 0.14715426 0.023863735 0.45590785 0.15648091 0.07017433 7.789446 120.57314 778.98395 0.64529055 
8	0.42999998 0.3313333 0.3413333 0.0 0.2286667 0.049333334 0.024666667 0.20533332 0.5246666 0.786 0.268 0.55933326 0.5193333 0.8900001 0.18199998 0.17533334 0.41533333 0.168 2.8019998 0.027333332 1.286 0.0 0.6026667 0.5173333 0.0 0.0 0.0 0.0 0.0 0.0 0.0 0.0 0.0 0.0 0.0039999997 0.021333333 0.0 0.0 0.011333333 0.07733333 0.0 0.0 0.007999999 0.0 0.063999996 0.0039999997 0.0 0.0 0.016266666 0.08333334 0.0010666667 0.41026667 0.62813336 0.09593334 12.140533 725.13336 2475.7334 1.0 
9	0.3114894 0.15106383 0.28680855 0.09446809 0.06978722 0.11234043 0.020425532 0.1342553 0.22446808 0.37276602 0.14659575 0.65553194 0.33276594 0.67680854 0.021489361 0.16404258 0.26914895 0.11574467 1.8825535 0.04765957 0.85404253 0.033404253 0.44744685 0.2838298 0.12489361 0.09106383 0.005744681 0.0019148935 0.0025531913 0.0038297875 0.0 0.0 0.34595746 0.0 0.0 0.0306383 0.2210638 0.0025531913 0.004893617 0.013404255 0.016170213 0.008510638 0.0048936172 0.01787234 0.04021277 0.045957442 0.01 0.05191489 0.033212766 0.11746808 0.008234042 0.24278721 0.33710635 0.08985105 5.145723 164.48936 3222.9363 0.7446808 
