0	0.09160642 0.22009169 0.25657213 0.029025156 0.3065174 0.08319186 0.1144497 0.09605609 0.0424004 0.20167448 0.04896226 0.5177545 0.08167712 0.037798733 0.023760475 0.24437633 0.13242665 0.16859803 1.6730917 0.061590675 0.7584247 0.06329664 0.077919275 0.074392036 0.5695387 0.29487407 0.9200811 0.14756288 0.11778824 0.12033803 0.075697035 0.056205448 0.09810268 0.056876313 0.11881813 0.10843283 0.1399712 0.014439205 0.09082025 0.07283804 0.048113205 0.15035377 0.051947057 0.092958584 0.35183993 0.20102474 0.0051205456 0.033825997 0.034052163 0.13748163 0.016321281 0.24172956 0.054922175 0.037871327 2.883009 21.546383 104.30215 0.33385745 
1	0.19 0.0 0.38 0.0 0.0 0.19 0.0 0.0 0.0 0.0 0.19 0.19 0.0 0.0 0.0 0.38 0.0 0.19 1.14 0.0 0.38 0.0 0.0 0.0 0.0 0.0 0.0 0.0 0.0 0.0 0.0 0.0 0.0 0.0 0.0 0.0 0.0 0.0 0.0 0.0 0.0 0.0 0.0 0.0 0.0 0.0 0.0 0.0 0.01 0.01 0.0 0.0 0.0 0.003 2.383 21.0 15841.0 1.0 
2	0.0 0.0 0.0 0.04 0.0 0.0 0.0 0.0 0.0 0.0 0.0 0.0 0.0 0.0 0.0 0.02 0.0 0.0 0.02 0.0 0.0 0.0 0.0 0.0 0.0 0.0 0.0 0.0 0.0 0.0 0.0 0.0 0.0 0.0 0.0 0.0 0.0 0.0 0.0 0.0 0.0 0.0 0.0 0.0 0.0 0.0 0.0 0.0 1.024 9.752 0.003 1.542 1.785 1.998 239.571 9989.0 10062.0 1.0 
3	0.096666664 0.013333333 0.2 0.0 0.15333334 0.13333334 0.0 0.096666664 0.096666664 0.31333333 0.06 0.07333333 0.120000005 0.0 0.06333333 0.013333333 0.13 0.06333333 0.62666667 0.013333333 0.27666667 3.1766665 0.23 0.18333334 0.0 0.0 0.0 0.0 0.0 0.0 0.0 0.0 0.0 0.046666667 0.0 0.013333333 0.0 0.0 0.026666665 0.0 0.0 0.0 0.0 0.0 0.06333333 0.0 0.0 0.0 0.37233332 0.095 0.0139999995 0.14 0.030000001 0.0036666666 15.187665 493.0 9113.667 1.0 
4	0.005 0.005 0.035 0.0 0.025 0.0 0.0 0.005 0.015 0.065 0.025 0.0 0.0 0.025 0.0 0.0 0.005 0.035 0.005 0.0 0.005 0.0 0.0 0.0 0.0 0.0 0.0 0.0 0.0 0.0 0.0 0.0 0.035 0.0 0.0 0.065 0.0 0.0 0.0 0.005 0.23 0.0 0.0 0.015 0.0 0.4 0.005 0.035 0.036 0.1615 0.074999996 0.012 0.056 0.012 3.0295 43.5 5648.5 0.0 
5	0.295 0.083333336 1.3825 0.015833333 0.88583326 0.0 0.054166663 0.0 0.49583328 0.6858334 0.0 0.033333335 0.0 0.0 0.0 0.065 0.0 0.0 0.295 0.72583336 0.40083334 0.0 0.0 0.033333335 0.27833334 0.0 0.12166667 0.04 0.0 0.048333332 0.0 0.0 0.0 0.031666666 0.0 0.0 0.048333332 0.0 0.0 0.0 0.0 0.0 0.0 0.0 0.0 0.0 0.0 0.0 0.0 0.007333333 0.0 0.76383334 0.18825 0.0025 537.20825 1405.5834 1442.75 0.9166667 
6	0.15351067 0.15127659 0.2923404 0.20776595 0.26595742 0.093617044 0.051276598 0.1494681 0.30329782 0.32276595 0.1075532 0.50563836 0.16808507 0.20063832 0.08606383 0.25659576 0.17691493 0.16223404 1.5805322 0.07319149 0.7902128 0.6904256 0.2237234 0.20595746 0.34712762 0.12808512 0.007234042 0.006382979 0.006914893 0.014148936 0.010957447 0.0 0.096808515 0.0013829786 0.0131914895 0.064468086 0.15436171 0.0056382976 0.012659575 0.018510642 0.011276595 0.007978723 0.0058510634 0.016914893 0.03670211 0.06191489 0.0017021276 0.025319148 0.041553196 0.1403298 0.030255318 0.2124149 0.19857445 0.101244695 5.62083 118.07447 1721.9681 0.61702126 
7	0.15179151 0.18180989 0.3761975 0.28683728 0.33458862 0.1304754 0.115722165 0.15127967 0.30414984 0.42800748 0.09488116 0.6904205 0.1268007 0.104936026 0.10833636 0.27694708 0.18775134 0.237002 1.5737097 0.16285194 1.1247712 0.42769662 0.14963444 0.17932372 0.5721753 0.14511883 0.030950641 0.018537477 0.008884826 0.02179159 0.014698353 0.0036380256 0.08628884 0.0043875678 0.05460696 0.047568556 0.12769657 0.009122487 0.023491776 0.025521027 0.027477149 0.062138937 0.012797075 0.011681899 0.061882995 0.08965266 0.008903109 0.02274223 0.07144426 0.14372022 0.022528341 0.44018123 0.15365452 0.07184098 7.4301405 107.41682 711.8117 0.64351004 
8	0.19736847 0.24092107 0.6188159 0.120526314 0.5799998 0.49657893 0.25000003 0.18197371 0.5301315 0.51197386 0.2489474 0.78157914 0.24394739 0.22868423 0.8803947 0.36671057 0.23184209 0.72434217 2.0365787 0.68105257 1.2346051 0.08105264 0.5876314 0.229079 0.0011842105 0.0011842105 0.0 0.0 0.0 0.0 0.0 0.0 0.004736842 0.0 0.006315789 0.010394736 0.0086842105 0.0 0.010131579 0.038289465 0.0 0.0 0.080131575 0.010526314 0.04947367 0.03210526 0.0 0.0028947368 0.009184212 0.09357896 9.868421E-4 0.4157237 0.21480264 0.051434223 16.158634 646.3289 1512.6578 1.0 
9	0.3059184 0.14653061 0.29163268 0.09061225 0.07408162 0.107755095 0.019591838 0.14244899 0.22775511 0.39346936 0.14408162 0.63714284 0.33530617 0.6491837 0.025918365 0.15734696 0.272449 0.127551 1.8785712 0.045714285 0.8606123 0.032040816 0.4510204 0.28653064 0.11979592 0.087346934 0.0055102045 0.0018367348 0.0024489793 0.0036734696 0.0 0.0 0.33183673 0.0 0.0 0.034081634 0.21204083 0.0024489793 0.00632653 0.03530612 0.015510204 0.008163266 0.0046938774 0.017142855 0.04204081 0.04408163 0.0095918365 0.04979592 0.03330612 0.115775526 0.007897959 0.24616326 0.32522446 0.08640816 6.608837 212.36734 3211.3264 0.75510204 
