0	0.09867673 0.21427546 0.2712209 0.0654392 0.3096852 0.08922888 0.114560835 0.10243895 0.076846935 0.22863331 0.054763872 0.53746337 0.0872348 0.045895513 0.034766134 0.24836838 0.13899828 0.17718239 1.6575238 0.074042894 0.80017996 0.113691516 0.08699518 0.08741728 0.56911945 0.2758499 0.8049832 0.13086693 0.10377364 0.10754275 0.067864455 0.049388546 0.09656392 0.050066162 0.11043122 0.10036952 0.13862643 0.013718915 0.08205113 0.06667123 0.045334246 0.13878618 0.04682409 0.08246861 0.31416202 0.18641578 0.0055692457 0.032315772 0.038740586 0.1385339 0.017198253 0.26501924 0.06729414 0.042387165 3.4197683 32.088066 186.01506 0.37326032 
1	0.19 0.0 0.38 0.0 0.0 0.19 0.0 0.0 0.0 0.0 0.19 0.19 0.0 0.0 0.0 0.38 0.0 0.19 1.14 0.0 0.38 0.0 0.0 0.0 0.0 0.0 0.0 0.0 0.0 0.0 0.0 0.0 0.0 0.0 0.0 0.0 0.0 0.0 0.0 0.0 0.0 0.0 0.0 0.0 0.0 0.0 0.0 0.0 0.01 0.01 0.0 0.0 0.0 0.003 2.383 21.0 15841.0 1.0 
2	0.0 0.0 0.0 0.04 0.0 0.0 0.0 0.0 0.0 0.0 0.0 0.0 0.0 0.0 0.0 0.02 0.0 0.0 0.02 0.0 0.0 0.0 0.0 0.0 0.0 0.0 0.0 0.0 0.0 0.0 0.0 0.0 0.0 0.0 0.0 0.0 0.0 0.0 0.0 0.0 0.0 0.0 0.0 0.0 0.0 0.0 0.0 0.0 1.024 9.752 0.003 1.542 1.785 1.998 239.571 9989.0 10062.0 1.0 
3	0.096666664 0.013333333 0.2 0.0 0.15333334 0.13333334 0.0 0.096666664 0.096666664 0.31333333 0.06 0.07333333 0.120000005 0.0 0.06333333 0.013333333 0.13 0.06333333 0.62666667 0.013333333 0.27666667 3.1766665 0.23 0.18333334 0.0 0.0 0.0 0.0 0.0 0.0 0.0 0.0 0.0 0.046666667 0.0 0.013333333 0.0 0.0 0.026666665 0.0 0.0 0.0 0.0 0.0 0.06333333 0.0 0.0 0.0 0.37233332 0.095 0.0139999995 0.14 0.030000001 0.0036666666 15.187665 493.0 9113.667 1.0 
4	0.005 0.005 0.035 0.0 0.025 0.0 0.0 0.005 0.015 0.065 0.025 0.0 0.0 0.025 0.0 0.0 0.005 0.035 0.005 0.0 0.005 0.0 0.0 0.0 0.0 0.0 0.0 0.0 0.0 0.0 0.0 0.0 0.035 0.0 0.0 0.065 0.0 0.0 0.0 0.005 0.23 0.0 0.0 0.015 0.0 0.4 0.005 0.035 0.036 0.1615 0.074999996 0.012 0.056 0.012 3.0295 43.5 5648.5 0.0 
5	0.195 0.5 0.4 0.095 0.58 0.0 0.0 0.0 0.39 0.19 0.0 0.2 0.0 0.0 0.0 0.1 0.0 0.0 0.195 0.19 0.39 0.0 0.0 0.2 0.095 0.0 0.0 0.095 0.0 0.0 0.0 0.0 0.0 0.19 0.0 0.0 0.0 0.0 0.0 0.0 0.0 0.0 0.0 0.0 0.0 0.0 0.0 0.0 0.0 0.035 0.0 0.4155 0.72950006 0.015 1062.0 2123.0 2124.0 1.0 
6	0.2749412 0.18058823 0.29223523 0.052941177 0.13929415 0.091882385 0.029411754 0.13058823 0.26670587 0.37835297 0.1544706 0.5989413 0.3094118 0.6011765 0.04494117 0.19235292 0.25929418 0.11294117 1.8985884 0.04470588 0.8684705 0.07988236 0.35529417 0.27623534 0.28223532 0.09188235 0.004588235 0.002 0.0031764703 0.008705882 0.004235294 0.0 0.25894114 0.0 0.004470588 0.04352941 0.19317648 0.0039999997 0.009764707 0.016117647 0.020588236 0.006941176 0.007294117 0.018823527 0.04541175 0.074588224 0.0064705885 0.048470587 0.038341183 0.10751766 0.012823529 0.25217646 0.31742352 0.08462353 5.181718 163.75294 2700.9294 0.69411767 
7	0.17684212 0.19228074 0.64114034 0.08307018 0.5625437 0.36210528 0.18219298 0.18982457 0.43438584 0.50850886 0.17157897 0.70350873 0.1618421 0.09175437 0.60684204 0.332193 0.17798248 0.543158 1.6817541 0.56929827 1.1437719 0.3773684 0.43315786 0.1852632 0.08456141 0.03657895 0.015263157 0.004035088 0.0 0.009824562 0.0010526315 0.0 0.017807018 0.0011403508 0.0047368417 0.038421053 0.053508773 0.0023684208 0.009298246 0.0314035 0.0 0.0 0.054824557 0.011315791 0.037719283 0.027807014 5.2631577E-4 0.007017544 0.017885964 0.09815789 0.0126403505 0.4236228 0.16199999 0.06725437 51.693897 537.6579 1416.193 0.88596493 
8	0.45499995 0.29250002 0.2925 0.0 0.16749999 0.030000001 0.0075 0.26 0.4925 0.88000005 0.23749998 0.47375 0.52624995 0.75625 0.099999994 0.145 0.45750004 0.17875 2.82625 0.01125 1.3525 0.0 0.64500004 0.57125 0.0 0.0 0.0 0.0 0.0 0.0 0.0 0.0 0.0 0.0 0.0075 0.04 0.0 0.0 0.02125 0.1375 0.0 0.0 0.0 0.0 0.07375 0.0 0.0 0.0 0.018875 0.07700001 0.0 0.44325 0.35325003 0.087125 16.4925 956.0 2552.0 1.0 
9	0.25 0.125 0.21 0.0 0.105 0.115 0.01 0.175 0.175 0.41 0.105 0.48 0.25 0.46 0.01 0.165 0.21 0.01 1.625 0.0 0.74499995 0.0 0.47 0.23 0.0 0.0 0.0 0.0 0.0 0.0 0.0 0.0 0.0 0.0 0.0 0.0 0.0 0.0 0.0 0.01 0.0 0.0 0.0 0.0 0.01 0.0 0.01 0.0 0.005 0.5495 0.0 0.1625 1.0669999 0.067 7.1359997 361.5 3940.0 1.0 
