0	0.093370594 0.21644802 0.25904116 0.05168405 0.3091306 0.084731735 0.11690511 0.09758072 0.052347247 0.20638092 0.05034029 0.5281571 0.0829707 0.039100844 0.024704417 0.24771477 0.13551413 0.1695902 1.6677613 0.06272728 0.77328587 0.080275685 0.08236463 0.07793342 0.5746199 0.28750622 0.87402636 0.14084944 0.11232486 0.115141556 0.07213111 0.053554397 0.09709384 0.054217584 0.113907106 0.10580965 0.14002733 0.0141828125 0.08772233 0.06965971 0.04845504 0.1451689 0.049696963 0.0888276 0.33781224 0.19952318 0.0054893205 0.033077497 0.03542101 0.13880143 0.016270984 0.24297218 0.05690764 0.040113498 3.0713196 24.382017 125.41108 0.34873325 
1	0.19 0.0 0.38 0.0 0.0 0.19 0.0 0.0 0.0 0.0 0.19 0.19 0.0 0.0 0.0 0.38 0.0 0.19 1.14 0.0 0.38 0.0 0.0 0.0 0.0 0.0 0.0 0.0 0.0 0.0 0.0 0.0 0.0 0.0 0.0 0.0 0.0 0.0 0.0 0.0 0.0 0.0 0.0 0.0 0.0 0.0 0.0 0.0 0.01 0.01 0.0 0.0 0.0 0.003 2.383 21.0 15841.0 1.0 
2	0.0 0.0 0.0 0.04 0.0 0.0 0.0 0.0 0.0 0.0 0.0 0.0 0.0 0.0 0.0 0.02 0.0 0.0 0.02 0.0 0.0 0.0 0.0 0.0 0.0 0.0 0.0 0.0 0.0 0.0 0.0 0.0 0.0 0.0 0.0 0.0 0.0 0.0 0.0 0.0 0.0 0.0 0.0 0.0 0.0 0.0 0.0 0.0 1.024 9.752 0.003 1.542 1.785 1.998 239.571 9989.0 10062.0 1.0 
3	0.096666664 0.013333333 0.2 0.0 0.15333334 0.13333334 0.0 0.096666664 0.096666664 0.31333333 0.06 0.07333333 0.120000005 0.0 0.06333333 0.013333333 0.13 0.06333333 0.62666667 0.013333333 0.27666667 3.1766665 0.23 0.18333334 0.0 0.0 0.0 0.0 0.0 0.0 0.0 0.0 0.0 0.046666667 0.0 0.013333333 0.0 0.0 0.026666665 0.0 0.0 0.0 0.0 0.0 0.06333333 0.0 0.0 0.0 0.37233332 0.095 0.0139999995 0.14 0.030000001 0.0036666666 15.187665 493.0 9113.667 1.0 
4	0.005 0.005 0.035 0.0 0.025 0.0 0.0 0.005 0.015 0.065 0.025 0.0 0.0 0.025 0.0 0.0 0.005 0.035 0.005 0.0 0.005 0.0 0.0 0.0 0.0 0.0 0.0 0.0 0.0 0.0 0.0 0.0 0.035 0.0 0.0 0.065 0.0 0.0 0.0 0.005 0.23 0.0 0.0 0.015 0.0 0.4 0.005 0.035 0.036 0.1615 0.074999996 0.012 0.056 0.012 3.0295 43.5 5648.5 0.0 
5	0.29769227 0.15461539 1.2761537 0.014615385 0.9215384 0.0 0.07538462 0.0 0.4576923 0.6330769 0.051538464 0.0823077 0.025384616 0.0 0.0 0.1376923 0.0 0.12923077 0.45384616 0.67 0.6553846 0.0 0.0 0.03076923 0.25692305 0.0 0.1123077 0.036923077 0.0 0.044615384 0.0 0.0 0.0 0.02923077 0.0 0.0 0.044615384 0.0 0.0 0.0 0.0 0.0 0.0 0.0 0.0 0.0 0.0 0.0 0.0 0.016 0.0 0.70969236 0.17838462 0.0023076923 510.76917 1375.3846 1421.0769 0.9230769 
6	0.17272729 0.185 0.26000002 0.006590909 0.23363642 0.07795454 0.03545454 0.12022727 0.25977275 0.31681815 0.12022727 0.52613634 0.19681817 0.35000002 0.024090903 0.28750002 0.24045458 0.110909075 1.5672729 0.06204545 0.74431825 0.3706818 0.18772727 0.20045453 0.47590914 0.12613636 0.0034090912 0.0022727272 0.0038636364 0.019772725 0.008181819 0.0 0.17568183 0.0 0.008636364 0.099772714 0.22840907 0.010454545 0.017272728 0.020454545 0.023863638 0.005227272 0.009318182 0.02181818 0.042045455 0.10022727 0.002727273 0.041590907 0.046704542 0.13 0.02240909 0.22981821 0.22875 0.09224999 5.232363 126.15909 2081.182 0.5681818 
7	0.16084631 0.19291762 0.44494414 0.1962361 0.3515591 0.1982182 0.11175943 0.16779506 0.37240538 0.47572365 0.123786144 0.6705343 0.14534518 0.12026727 0.26091313 0.27195993 0.18118049 0.33178177 1.6043644 0.28180397 1.1259027 0.4611359 0.21202669 0.19721602 0.41447666 0.12280624 0.02158129 0.01492205 0.005835189 0.017884184 0.01596882 0.0019153676 0.076124705 0.0028730512 0.057639215 0.036592424 0.10567931 0.006926502 0.016391981 0.031425383 0.008062361 0.053118043 0.024766149 0.011247216 0.04703787 0.037572384 0.0052783955 0.02064588 0.06477281 0.12973714 0.024971047 0.48915365 0.18329851 0.06777726 8.360232 190.08241 976.6325 0.701559 
8	0.37705877 0.28117648 0.37529412 0.0 0.48352936 0.1117647 0.06647058 0.26411766 0.5017647 0.96470577 0.21941175 0.59176475 0.46352938 0.6517647 0.4435295 0.18117647 0.33 0.34882352 2.7376473 0.05588235 1.4447058 0.0 0.6405883 0.4888235 0.0 0.0 0.0 0.0 0.0 0.0 0.0 0.0 0.0 0.0 0.00882353 0.018823529 0.0 0.0 0.01 0.12941176 0.0 0.0 0.016470589 0.0 0.049999993 0.008235294 0.0 0.0 0.012529411 0.07082353 0.0 0.43688235 0.423 0.07429411 21.565235 818.41174 2309.1177 1.0 
9	0.32333332 0.15688892 0.2924444 0.09577778 0.06977776 0.11533335 0.021333335 0.13733335 0.22688891 0.38688898 0.1531111 0.6722222 0.34755558 0.70644444 0.021999998 0.16844447 0.2782222 0.11844445 1.9580002 0.04977778 0.88622224 0.034888886 0.46733338 0.29644445 0.09933333 0.06311111 0.0053333337 0.0015555556 0.002222222 0.004 0.0 0.0 0.32155555 0.0 0.0 0.026444443 0.18422222 0.0015555556 0.0051111113 0.0139999995 0.015555555 0.008 0.004666667 0.015999999 0.041999996 0.041555557 0.01 0.05088889 0.028955555 0.11355556 0.004577778 0.25351104 0.35182217 0.093844436 5.264312 169.2889 3247.9778 0.7777778 
