0	0.09090075 0.22354344 0.25487146 0.02737625 0.30177182 0.08171496 0.111552626 0.09592374 0.03919662 0.20208825 0.048409518 0.5142307 0.081014335 0.037941568 0.023851765 0.24331892 0.12746824 0.16777928 1.6640946 0.060243443 0.75326157 0.052136872 0.075396255 0.073367596 0.57331353 0.30062196 0.9470813 0.15142006 0.1200703 0.123216115 0.07573436 0.057703543 0.10011626 0.058395997 0.12070598 0.1101027 0.14163107 0.013316202 0.093045734 0.06926427 0.0495591 0.15406007 0.052753575 0.095572084 0.36056566 0.20677587 0.005047336 0.03426021 0.031432237 0.13809896 0.016512578 0.2409567 0.051427092 0.03703192 2.7762966 19.804436 94.71112 0.32566947 
1	0.19 0.0 0.38 0.0 0.0 0.19 0.0 0.0 0.0 0.0 0.19 0.19 0.0 0.0 0.0 0.38 0.0 0.19 1.14 0.0 0.38 0.0 0.0 0.0 0.0 0.0 0.0 0.0 0.0 0.0 0.0 0.0 0.0 0.0 0.0 0.0 0.0 0.0 0.0 0.0 0.0 0.0 0.0 0.0 0.0 0.0 0.0 0.0 0.01 0.01 0.0 0.0 0.0 0.003 2.383 21.0 15841.0 1.0 
2	0.0 0.0 0.0 0.04 0.0 0.0 0.0 0.0 0.0 0.0 0.0 0.0 0.0 0.0 0.0 0.02 0.0 0.0 0.02 0.0 0.0 0.0 0.0 0.0 0.0 0.0 0.0 0.0 0.0 0.0 0.0 0.0 0.0 0.0 0.0 0.0 0.0 0.0 0.0 0.0 0.0 0.0 0.0 0.0 0.0 0.0 0.0 0.0 1.024 9.752 0.003 1.542 1.785 1.998 239.571 9989.0 10062.0 1.0 
3	0.096666664 0.013333333 0.2 0.0 0.15333334 0.13333334 0.0 0.096666664 0.096666664 0.31333333 0.06 0.07333333 0.120000005 0.0 0.06333333 0.013333333 0.13 0.06333333 0.62666667 0.013333333 0.27666667 3.1766665 0.23 0.18333334 0.0 0.0 0.0 0.0 0.0 0.0 0.0 0.0 0.0 0.046666667 0.0 0.013333333 0.0 0.0 0.026666665 0.0 0.0 0.0 0.0 0.0 0.06333333 0.0 0.0 0.0 0.37233332 0.095 0.0139999995 0.14 0.030000001 0.0036666666 15.187665 493.0 9113.667 1.0 
4	0.005 0.005 0.035 0.0 0.025 0.0 0.0 0.005 0.015 0.065 0.025 0.0 0.0 0.025 0.0 0.0 0.005 0.035 0.005 0.0 0.005 0.0 0.0 0.0 0.0 0.0 0.0 0.0 0.0 0.0 0.0 0.0 0.035 0.0 0.0 0.065 0.0 0.0 0.0 0.005 0.23 0.0 0.0 0.015 0.0 0.4 0.005 0.035 0.036 0.1615 0.074999996 0.012 0.056 0.012 3.0295 43.5 5648.5 0.0 
5	0.295 0.083333336 1.3825 0.015833333 0.88583326 0.0 0.054166663 0.0 0.49583337 0.6858334 0.0 0.033333335 0.0 0.0 0.0 0.065 0.0 0.0 0.295 0.72583324 0.40083334 0.0 0.0 0.033333335 0.27833334 0.0 0.12166667 0.04 0.0 0.048333332 0.0 0.0 0.0 0.031666666 0.0 0.0 0.048333332 0.0 0.0 0.0 0.0 0.0 0.0 0.0 0.0 0.0 0.0 0.0 0.0 0.007333333 0.0 0.7638333 0.18825 0.0025 537.20825 1405.5834 1442.75 0.9166667 
6	0.13484849 0.12462122 0.2769697 0.14795455 0.2781819 0.08946969 0.054469705 0.1319697 0.2711364 0.35053036 0.095454566 0.50446963 0.16666669 0.18522725 0.0764394 0.31189394 0.14871213 0.20492427 1.5635602 0.15689392 0.85583323 0.75045455 0.18151513 0.17378783 0.36295462 0.1302273 0.018484846 0.011590909 0.005606061 0.016742425 0.020606063 6.8181823E-4 0.07469696 0.0016666667 0.05636363 0.05765152 0.14901514 0.0037878787 0.016136365 0.032272726 0.011818182 0.019772725 0.0049242424 0.01439394 0.03909092 0.05992424 0.009545454 0.033863638 0.03554546 0.13249244 0.024909096 0.23115906 0.16348484 0.111250006 5.985536 113.86364 1509.7954 0.6136364 
7	0.1484983 0.17492011 0.37162954 0.26589456 0.36108634 0.13472849 0.13638984 0.14615017 0.27730048 0.38054302 0.09065493 0.6931628 0.12075075 0.08416931 0.092507966 0.27472863 0.21523964 0.22421733 1.6559099 0.14044733 1.0939456 0.39709264 0.15571883 0.1702077 0.55964863 0.13873802 0.03968051 0.019984024 0.016533546 0.023514373 0.024313096 0.0048722047 0.07744409 0.0055271573 0.049249206 0.05071885 0.11688503 0.017348243 0.024233228 0.053450473 0.023658147 0.057987224 0.015814697 0.0119169345 0.0658147 0.07862621 0.0074281143 0.020063898 0.08268847 0.14029546 0.020865815 0.419521 0.15587546 0.06783389 7.250847 102.191696 624.7029 0.6357827 
8	0.190411 0.24780822 0.6350684 0.12547944 0.5853424 0.50369877 0.25657535 0.18150686 0.56068504 0.5271234 0.2550685 0.76835614 0.23013698 0.23506849 0.940548 0.30821916 0.20986296 0.7589042 1.9720548 0.7038356 1.2413696 0.08438357 0.59561646 0.22369863 0.0012328768 0.0012328768 0.0 0.0 0.0 0.0 0.0 0.0 0.004931507 0.0 0.0065753423 0.0012328768 0.009041095 0.0 0.0012328768 0.037671227 0.0 0.0 0.08506849 0.010958903 0.04931505 0.034246575 0.0 0.0 0.009698631 0.094369866 0.0010273973 0.4048082 0.21798633 0.038657542 16.512892 662.8493 1527.1644 1.0 
9	0.3018519 0.15833336 0.2933333 0.08222222 0.07888886 0.10425927 0.020555554 0.1364815 0.23907407 0.41018528 0.14611112 0.6268519 0.3316667 0.65037036 0.025185183 0.15796298 0.27222225 0.11981483 1.8820372 0.04185185 0.8605554 0.029074073 0.4318519 0.29111117 0.13055556 0.10185185 0.0050000004 0.0016666667 0.0022222223 0.0033333334 0.0 0.0 0.34166667 0.0 0.0 0.033703707 0.23018515 0.0027777776 0.005740741 0.032407407 0.015925927 0.0077777775 0.0057407403 0.015925923 0.051296297 0.04611111 0.008703704 0.053148147 0.03501852 0.119740754 0.008129628 0.2470741 0.35855553 0.08511111 6.4362774 203.64815 3140.2407 0.7592593 
