0	0.090986006 0.22315195 0.25614485 0.027723597 0.3032059 0.081955865 0.1113012 0.096136875 0.039280687 0.20184276 0.048426718 0.51421636 0.081223056 0.038122296 0.023868527 0.24332705 0.12865303 0.16806842 1.6639863 0.06106681 0.75441235 0.052330285 0.07574352 0.073811956 0.57228446 0.29946104 0.9433943 0.15092671 0.11999997 0.12277208 0.07561151 0.057524245 0.09982215 0.058213905 0.12036907 0.10974669 0.14155982 0.013685345 0.09305768 0.06903826 0.049358837 0.1540248 0.052596975 0.095245145 0.359343 0.20594029 0.0050269403 0.034261856 0.031737603 0.13791429 0.016450161 0.24233325 0.05147709 0.037275594 2.8034382 20.037176 95.84106 0.32731682 
1	0.19 0.0 0.38 0.0 0.0 0.19 0.0 0.0 0.0 0.0 0.19 0.19 0.0 0.0 0.0 0.38 0.0 0.19 1.14 0.0 0.38 0.0 0.0 0.0 0.0 0.0 0.0 0.0 0.0 0.0 0.0 0.0 0.0 0.0 0.0 0.0 0.0 0.0 0.0 0.0 0.0 0.0 0.0 0.0 0.0 0.0 0.0 0.0 0.01 0.01 0.0 0.0 0.0 0.003 2.383 21.0 15841.0 1.0 
2	0.0 0.0 0.0 0.04 0.0 0.0 0.0 0.0 0.0 0.0 0.0 0.0 0.0 0.0 0.0 0.02 0.0 0.0 0.02 0.0 0.0 0.0 0.0 0.0 0.0 0.0 0.0 0.0 0.0 0.0 0.0 0.0 0.0 0.0 0.0 0.0 0.0 0.0 0.0 0.0 0.0 0.0 0.0 0.0 0.0 0.0 0.0 0.0 1.024 9.752 0.003 1.542 1.785 1.998 239.571 9989.0 10062.0 1.0 
3	0.096666664 0.013333333 0.2 0.0 0.15333334 0.13333334 0.0 0.096666664 0.096666664 0.31333333 0.06 0.07333333 0.120000005 0.0 0.06333333 0.013333333 0.13 0.06333333 0.62666667 0.013333333 0.27666667 3.1766665 0.23 0.18333334 0.0 0.0 0.0 0.0 0.0 0.0 0.0 0.0 0.0 0.046666667 0.0 0.013333333 0.0 0.0 0.026666665 0.0 0.0 0.0 0.0 0.0 0.06333333 0.0 0.0 0.0 0.37233332 0.095 0.0139999995 0.14 0.030000001 0.0036666666 15.187665 493.0 9113.667 1.0 
4	0.005 0.005 0.035 0.0 0.025 0.0 0.0 0.005 0.015 0.065 0.025 0.0 0.0 0.025 0.0 0.0 0.005 0.035 0.005 0.0 0.005 0.0 0.0 0.0 0.0 0.0 0.0 0.0 0.0 0.0 0.0 0.0 0.035 0.0 0.0 0.065 0.0 0.0 0.0 0.005 0.23 0.0 0.0 0.015 0.0 0.4 0.005 0.035 0.036 0.1615 0.074999996 0.012 0.056 0.012 3.0295 43.5 5648.5 0.0 
5	0.295 0.083333336 1.3824998 0.015833333 0.88583326 0.0 0.054166663 0.0 0.4958333 0.6858333 0.0 0.033333335 0.0 0.0 0.0 0.065 0.0 0.0 0.295 0.72583324 0.40083334 0.0 0.0 0.033333335 0.27833334 0.0 0.12166667 0.04 0.0 0.048333332 0.0 0.0 0.0 0.031666666 0.0 0.0 0.048333332 0.0 0.0 0.0 0.0 0.0 0.0 0.0 0.0 0.0 0.0 0.0 0.0 0.007333333 0.0 0.76383334 0.18825 0.0025 537.20825 1405.5834 1442.75 0.9166667 
6	0.14216216 0.13459459 0.2871171 0.17594594 0.2600901 0.09531531 0.05333334 0.13234235 0.2806306 0.30963963 0.09945948 0.5156758 0.17045045 0.1677477 0.07594596 0.2812613 0.16774775 0.16099098 1.6104505 0.13675676 0.82117116 0.72855854 0.20441438 0.18513514 0.35387385 0.14126126 0.010900899 0.012072072 0.0058558555 0.016936937 0.013783784 0.0 0.07621621 0.0011711711 0.054504503 0.06252253 0.13405406 0.0047747744 0.019189188 0.02747747 0.009009009 0.02351351 0.0042342343 0.016216218 0.041981973 0.05108108 0.01135135 0.02243243 0.038612615 0.13086486 0.027261266 0.22368468 0.16059458 0.111549556 5.6732597 114.28829 1594.6757 0.6126126 
7	0.14802516 0.17312795 0.3620064 0.26026857 0.35415488 0.13205375 0.13576624 0.14543442 0.28101122 0.39282766 0.09132701 0.6895735 0.12183249 0.092132695 0.093491286 0.28200656 0.20507103 0.23067945 1.6474401 0.14137442 1.0939494 0.41906792 0.15293837 0.16868883 0.55954194 0.1392733 0.040363345 0.019368088 0.01406003 0.02345971 0.024849918 0.00464455 0.078199066 0.005292259 0.050015803 0.05069511 0.120221205 0.014676145 0.021690363 0.05445498 0.0242812 0.05390206 0.01559242 0.011595578 0.064612955 0.081295416 0.007345971 0.022148497 0.0798799 0.14136489 0.021023698 0.41076326 0.1594061 0.06859557 7.209286 103.15166 647.8862 0.63349134 
8	0.190411 0.24780828 0.6350685 0.12547944 0.58534235 0.50369865 0.25657535 0.18150686 0.56068486 0.5271234 0.2550685 0.7683563 0.23013704 0.23506851 0.940548 0.30821922 0.20986299 0.7589042 1.9720551 0.70383555 1.2413696 0.08438357 0.5956163 0.22369866 0.0012328768 0.0012328768 0.0 0.0 0.0 0.0 0.0 0.0 0.004931507 0.0 0.0065753423 0.0012328768 0.009041095 0.0 0.0012328768 0.03767123 0.0 0.0 0.08506849 0.010958903 0.049315054 0.03424657 0.0 0.0 0.00969863 0.09436989 0.0010273973 0.40480816 0.21798633 0.038657546 16.512892 662.8493 1527.1644 1.0 
9	0.30000004 0.15226416 0.2918868 0.08377358 0.07773584 0.10358491 0.020377357 0.13773586 0.23320754 0.40547177 0.14339623 0.62188685 0.32962266 0.64301884 0.025094338 0.15603776 0.27037737 0.12075473 1.8579245 0.042641506 0.8501886 0.02962264 0.4309434 0.28547168 0.13301887 0.10377359 0.0050943396 0.0016981132 0.0022641507 0.0033962266 0.0 0.0 0.34754717 0.0 0.0 0.034339625 0.23452829 0.0022641507 0.005849057 0.03301887 0.016226415 0.007924528 0.005849057 0.016226413 0.050943393 0.046981134 0.008867924 0.054150946 0.03567924 0.12045284 0.008283019 0.24356602 0.35533968 0.084566034 6.4354157 204.84906 3154.6038 0.754717 
