0	0.09536573 0.21657823 0.26117322 0.051222384 0.310103 0.08588365 0.11690722 0.09827441 0.055436935 0.20975693 0.0510162 0.5306707 0.082871884 0.04029946 0.02522582 0.24906957 0.1378031 0.16844875 1.666715 0.064352 0.7781464 0.085380435 0.08193668 0.08037311 0.5731395 0.2849239 0.8640378 0.13933232 0.11103827 0.11391014 0.07147272 0.052960236 0.097326905 0.05364261 0.112734415 0.10526747 0.13928814 0.014459991 0.086831145 0.06906235 0.047903776 0.1449141 0.049293067 0.08795039 0.33472311 0.19742031 0.0054246453 0.03296269 0.036443062 0.13873208 0.016208388 0.24525484 0.058118097 0.040438127 3.1805677 25.575848 131.0513 0.35223368 
1	0.19 0.0 0.38 0.0 0.0 0.19 0.0 0.0 0.0 0.0 0.19 0.19 0.0 0.0 0.0 0.38 0.0 0.19 1.14 0.0 0.38 0.0 0.0 0.0 0.0 0.0 0.0 0.0 0.0 0.0 0.0 0.0 0.0 0.0 0.0 0.0 0.0 0.0 0.0 0.0 0.0 0.0 0.0 0.0 0.0 0.0 0.0 0.0 0.01 0.01 0.0 0.0 0.0 0.003 2.383 21.0 15841.0 1.0 
2	0.0 0.0 0.0 0.04 0.0 0.0 0.0 0.0 0.0 0.0 0.0 0.0 0.0 0.0 0.0 0.02 0.0 0.0 0.02 0.0 0.0 0.0 0.0 0.0 0.0 0.0 0.0 0.0 0.0 0.0 0.0 0.0 0.0 0.0 0.0 0.0 0.0 0.0 0.0 0.0 0.0 0.0 0.0 0.0 0.0 0.0 0.0 0.0 1.024 9.752 0.003 1.542 1.785 1.998 239.571 9989.0 10062.0 1.0 
3	0.096666664 0.013333333 0.2 0.0 0.15333334 0.13333334 0.0 0.096666664 0.096666664 0.31333333 0.06 0.07333333 0.120000005 0.0 0.06333333 0.013333333 0.13 0.06333333 0.62666667 0.013333333 0.27666667 3.1766665 0.23 0.18333334 0.0 0.0 0.0 0.0 0.0 0.0 0.0 0.0 0.0 0.046666667 0.0 0.013333333 0.0 0.0 0.026666665 0.0 0.0 0.0 0.0 0.0 0.06333333 0.0 0.0 0.0 0.37233332 0.095 0.0139999995 0.14 0.030000001 0.0036666666 15.187665 493.0 9113.667 1.0 
4	0.005 0.005 0.035 0.0 0.025 0.0 0.0 0.005 0.015 0.065 0.025 0.0 0.0 0.025 0.0 0.0 0.005 0.035 0.005 0.0 0.005 0.0 0.0 0.0 0.0 0.0 0.0 0.0 0.0 0.0 0.0 0.0 0.035 0.0 0.0 0.065 0.0 0.0 0.0 0.005 0.23 0.0 0.0 0.015 0.0 0.4 0.005 0.035 0.036 0.1615 0.074999996 0.012 0.056 0.012 3.0295 43.5 5648.5 0.0 
5	0.29500005 0.083333336 1.3824998 0.015833333 0.8858333 0.0 0.054166663 0.0 0.49583337 0.6858333 0.0 0.033333335 0.0 0.0 0.0 0.065 0.0 0.0 0.29500005 0.72583336 0.40083334 0.0 0.0 0.033333335 0.27833334 0.0 0.12166667 0.04 0.0 0.048333332 0.0 0.0 0.0 0.031666666 0.0 0.0 0.048333332 0.0 0.0 0.0 0.0 0.0 0.0 0.0 0.0 0.0 0.0 0.0 0.0 0.007333333 0.0 0.76383334 0.18825 0.0025 537.20825 1405.5834 1442.75 0.9166667 
6	0.20833336 0.19027779 0.27972224 0.125 0.20055556 0.07805554 0.041666668 0.12277777 0.28027782 0.3613889 0.13999997 0.49805558 0.2525 0.4527778 0.028611103 0.22638887 0.23527779 0.09694442 1.8122224 0.029444447 0.8272223 0.046666667 0.21500002 0.25722224 0.48694447 0.11805557 0.0044444446 0.0011111111 0.004166667 0.010833334 0.0 0.0 0.23472221 0.0 0.0069444445 0.058888886 0.2147222 0.0030555555 0.008055556 0.022499999 0.027777778 0.006666667 0.0072222212 0.022777775 0.056111112 0.10611111 0.004166667 0.05638889 0.04127778 0.11450001 0.022305552 0.26083335 0.2816111 0.073972225 5.3534446 127.888885 2250.5278 0.6388889 
7	0.14735433 0.18990304 0.4383493 0.21264564 0.34648052 0.19645637 0.109174766 0.16638345 0.37368956 0.46417484 0.12529126 0.6601702 0.15128638 0.11504855 0.2765049 0.26327673 0.16269422 0.36094677 1.5861888 0.2868446 1.1078159 0.4759952 0.2276699 0.18225731 0.40766984 0.1290291 0.020509709 0.015000001 0.006067961 0.019417474 0.016383493 0.001723301 0.070533976 0.0025 0.06145632 0.03786408 0.11405339 0.0040048542 0.017621359 0.03228156 0.009029127 0.04349514 0.025558244 0.010922328 0.042621363 0.04087379 0.0057524275 0.02053398 0.05867476 0.13071838 0.026347082 0.4850804 0.18224515 0.06923542 8.271663 197.95874 1038.7913 0.69902915 
8	0.3561111 0.2711111 0.37111112 0.0 0.5133334 0.122222215 0.068333335 0.27166665 0.47388887 0.92222226 0.21277776 0.61 0.4377778 0.6211111 0.41888896 0.27888888 0.3627778 0.35166672 2.6933336 0.074999996 1.3983333 0.051111113 0.6333333 0.4672222 0.0 0.0 0.0 0.0 0.0 0.0 0.0 0.0 0.0 0.0 0.008333334 0.034444444 0.0055555557 0.0 0.009444444 0.12777777 0.0 0.0 0.015555556 0.0 0.047222216 0.007777778 0.0 0.0 0.011833333 0.06955556 8.8888896E-4 0.4413889 0.40850005 0.08905556 20.821665 788.6667 2285.8333 1.0 
9	0.33047616 0.16000003 0.292619 0.0 0.06738094 0.11452382 0.019761907 0.14119047 0.2309524 0.40095234 0.1547619 0.68357146 0.35452384 0.7292857 0.02238095 0.17571431 0.2904762 0.11357143 1.9835718 0.053095233 0.90809524 0.037380952 0.4816667 0.29952383 0.10642856 0.06761905 0.0050000004 0.0016666667 0.002142857 0.0042857146 0.0 0.0 0.3157143 0.0 0.0 0.026666667 0.17285715 0.0016666665 0.0052380958 0.012380953 0.013571428 0.008333333 0.005 0.017142856 0.039285712 0.0352381 0.009999998 0.04238095 0.02183333 0.11419049 0.004857143 0.24969044 0.36214283 0.093761906 5.0721674 167.83333 3274.0715 0.78571427 
