0	0.09938765 0.21420714 0.27183062 0.06510094 0.30964395 0.0892924 0.11406217 0.1032184 0.077917926 0.23090267 0.054858256 0.5385558 0.087600395 0.04635973 0.0350737 0.24813984 0.13902006 0.17723528 1.658466 0.07373781 0.80368984 0.11641187 0.08819231 0.08858018 0.56682485 0.27497166 0.80029976 0.13012242 0.10316168 0.1069494 0.06749148 0.0490973 0.09631882 0.049800407 0.109807216 0.10014054 0.13838278 0.013656159 0.08161716 0.06636878 0.045066908 0.13796775 0.046557035 0.082052596 0.31249312 0.1854367 0.005550012 0.032177366 0.03880244 0.13851783 0.017321149 0.2657181 0.068303324 0.04263891 3.4752002 32.967567 193.38852 0.37514177 
1	0.19 0.0 0.38 0.0 0.0 0.19 0.0 0.0 0.0 0.0 0.19 0.19 0.0 0.0 0.0 0.38 0.0 0.19 1.14 0.0 0.38 0.0 0.0 0.0 0.0 0.0 0.0 0.0 0.0 0.0 0.0 0.0 0.0 0.0 0.0 0.0 0.0 0.0 0.0 0.0 0.0 0.0 0.0 0.0 0.0 0.0 0.0 0.0 0.01 0.01 0.0 0.0 0.0 0.003 2.383 21.0 15841.0 1.0 
2	0.0 0.0 0.0 0.04 0.0 0.0 0.0 0.0 0.0 0.0 0.0 0.0 0.0 0.0 0.0 0.02 0.0 0.0 0.02 0.0 0.0 0.0 0.0 0.0 0.0 0.0 0.0 0.0 0.0 0.0 0.0 0.0 0.0 0.0 0.0 0.0 0.0 0.0 0.0 0.0 0.0 0.0 0.0 0.0 0.0 0.0 0.0 0.0 1.024 9.752 0.003 1.542 1.785 1.998 239.571 9989.0 10062.0 1.0 
3	0.096666664 0.013333333 0.2 0.0 0.15333332 0.13333334 0.0 0.096666664 0.096666664 0.31333333 0.060000002 0.07333333 0.120000005 0.0 0.06333333 0.013333333 0.13 0.06333333 0.62666667 0.013333333 0.27666667 3.1766665 0.23 0.18333334 0.0 0.0 0.0 0.0 0.0 0.0 0.0 0.0 0.0 0.046666667 0.0 0.013333333 0.0 0.0 0.026666665 0.0 0.0 0.0 0.0 0.0 0.06333333 0.0 0.0 0.0 0.37233332 0.095 0.0139999995 0.14 0.030000001 0.0036666666 15.187667 493.0 9113.667 1.0 
4	0.005 0.005 0.035 0.0 0.025 0.0 0.0 0.005 0.015 0.065 0.025 0.0 0.0 0.025 0.0 0.0 0.005 0.035 0.005 0.0 0.005 0.0 0.0 0.0 0.0 0.0 0.0 0.0 0.0 0.0 0.0 0.0 0.035 0.0 0.0 0.065 0.0 0.0 0.0 0.005 0.23 0.0 0.0 0.015 0.0 0.4 0.005 0.035 0.036 0.1615 0.074999996 0.012 0.056 0.012 3.0295 43.5 5648.5 0.0 
5	0.195 0.5 0.4 0.095 0.58 0.0 0.0 0.0 0.39 0.19 0.0 0.2 0.0 0.0 0.0 0.1 0.0 0.0 0.195 0.19 0.39 0.0 0.0 0.2 0.095 0.0 0.0 0.095 0.0 0.0 0.0 0.0 0.0 0.19 0.0 0.0 0.0 0.0 0.0 0.0 0.0 0.0 0.0 0.0 0.0 0.0 0.0 0.0 0.0 0.035 0.0 0.4155 0.72950006 0.015 1062.0 2123.0 2124.0 1.0 
6	0.25635424 0.18020837 0.28322914 0.047916666 0.16250002 0.09489586 0.030208332 0.15041667 0.26468748 0.35583332 0.15208335 0.60812503 0.288125 0.5418749 0.04614583 0.23041664 0.2659376 0.12520833 1.828021 0.08458332 0.8430209 0.29895833 0.3446875 0.265 0.26781252 0.089479156 0.0040625003 0.0022916666 0.0028124999 0.011458333 0.0037500001 0.0 0.23177086 0.0 0.0039583333 0.060208336 0.19531249 0.005520833 0.0103124995 0.017083334 0.018229166 0.006145833 0.007708333 0.018541664 0.043020826 0.06812499 0.0057291663 0.046562493 0.035718746 0.108531244 0.015281249 0.24792708 0.2933437 0.10313544 5.359572 164.61458 2585.4792 0.6875 
7	0.17168833 0.19090906 0.79220766 0.118961036 0.68181807 0.48545447 0.25441557 0.15844157 0.5202597 0.5197404 0.21103896 0.70051944 0.17155848 0.08181818 0.8611688 0.34610397 0.16999997 0.7098703 1.6929872 0.7792207 1.1298702 0.080000006 0.5058442 0.15272723 0.042077918 0.0011688313 0.01896104 0.0037662336 0.0 0.007532467 0.0 0.0 0.004675325 0.0 0.0054545454 0.009090909 0.016103895 0.0 0.0088311685 0.037792206 0.0 0.0 0.079090916 0.010389609 0.04181817 0.03168831 0.0 0.0028571428 0.0076493514 0.082844175 9.74026E-4 0.4669479 0.14401297 0.03567534 71.2431 710.35065 1369.7792 0.987013 
8	0.45499995 0.2925 0.2925 0.0 0.16749999 0.03 0.0075 0.26 0.49249998 0.88 0.23749998 0.47375 0.52625 0.75625 0.099999994 0.145 0.4575 0.17875 2.82625 0.01125 1.3525 0.0 0.645 0.57125 0.0 0.0 0.0 0.0 0.0 0.0 0.0 0.0 0.0 0.0 0.0075 0.04 0.0 0.0 0.02125 0.1375 0.0 0.0 0.0 0.0 0.073750004 0.0 0.0 0.0 0.018875001 0.077 0.0 0.44325 0.35325 0.08712499 16.4925 956.0 2552.0 1.0 
9	0.25 0.125 0.21 0.0 0.105 0.115 0.01 0.175 0.175 0.41 0.105 0.48 0.25 0.46 0.01 0.165 0.21 0.01 1.625 0.0 0.74499995 0.0 0.47 0.23 0.0 0.0 0.0 0.0 0.0 0.0 0.0 0.0 0.0 0.0 0.0 0.0 0.0 0.0 0.0 0.01 0.0 0.0 0.0 0.0 0.01 0.0 0.01 0.0 0.005 0.5495 0.0 0.1625 1.0669999 0.067 7.1359997 361.5 3940.0 1.0 
