0	0.09141535 0.22270338 0.2573256 0.02748211 0.30416924 0.08306127 0.118637696 0.0954095 0.041738648 0.20395438 0.048330236 0.5156377 0.0803949 0.03761727 0.024015367 0.24439174 0.12933211 0.17067057 1.671409 0.061630003 0.76209605 0.05713225 0.07514709 0.074511 0.56540686 0.29648274 0.9302755 0.1490697 0.118550204 0.121531926 0.07641662 0.05670289 0.09820828 0.057381395 0.1197164 0.10856339 0.14040555 0.014041878 0.091664486 0.07367081 0.04866154 0.1515346 0.05226875 0.09390669 0.35583657 0.20275652 0.004945667 0.034015372 0.033166446 0.1381028 0.016493775 0.24404554 0.05436389 0.03765968 2.907915 21.724092 100.39703 0.33236152 
1	0.19 0.0 0.38 0.0 0.0 0.19 0.0 0.0 0.0 0.0 0.19 0.19 0.0 0.0 0.0 0.38 0.0 0.19 1.14 0.0 0.38 0.0 0.0 0.0 0.0 0.0 0.0 0.0 0.0 0.0 0.0 0.0 0.0 0.0 0.0 0.0 0.0 0.0 0.0 0.0 0.0 0.0 0.0 0.0 0.0 0.0 0.0 0.0 0.01 0.01 0.0 0.0 0.0 0.003 2.383 21.0 15841.0 1.0 
2	0.0 0.0 0.0 0.04 0.0 0.0 0.0 0.0 0.0 0.0 0.0 0.0 0.0 0.0 0.0 0.02 0.0 0.0 0.02 0.0 0.0 0.0 0.0 0.0 0.0 0.0 0.0 0.0 0.0 0.0 0.0 0.0 0.0 0.0 0.0 0.0 0.0 0.0 0.0 0.0 0.0 0.0 0.0 0.0 0.0 0.0 0.0 0.0 1.024 9.752 0.003 1.542 1.785 1.998 239.571 9989.0 10062.0 1.0 
3	0.096666664 0.013333333 0.2 0.0 0.15333334 0.13333334 0.0 0.096666664 0.096666664 0.31333333 0.06 0.07333333 0.120000005 0.0 0.06333333 0.013333333 0.13 0.06333333 0.62666667 0.013333333 0.27666667 3.1766665 0.23 0.18333334 0.0 0.0 0.0 0.0 0.0 0.0 0.0 0.0 0.0 0.046666667 0.0 0.013333333 0.0 0.0 0.026666665 0.0 0.0 0.0 0.0 0.0 0.06333333 0.0 0.0 0.0 0.37233332 0.095 0.0139999995 0.14 0.030000001 0.0036666666 15.187665 493.0 9113.667 1.0 
4	0.005 0.005 0.035 0.0 0.025 0.0 0.0 0.005 0.015 0.065 0.025 0.0 0.0 0.025 0.0 0.0 0.005 0.035 0.005 0.0 0.005 0.0 0.0 0.0 0.0 0.0 0.0 0.0 0.0 0.0 0.0 0.0 0.035 0.0 0.0 0.065 0.0 0.0 0.0 0.005 0.23 0.0 0.0 0.015 0.0 0.4 0.005 0.035 0.036 0.1615 0.074999996 0.012 0.056 0.012 3.0295 43.5 5648.5 0.0 
5	0.2805556 0.23555557 1.0877777 0.010555555 0.90333337 0.05722222 0.11944444 0.14777778 0.45388883 1.11 0.086111106 0.5088889 0.042777777 0.04111111 0.18055555 0.20555556 0.04111111 0.14222223 1.0394444 0.5083333 1.378889 0.0 0.17222223 0.07111111 0.18555555 0.0 0.08111111 0.026666665 0.0 0.032222223 0.0 0.0 0.0 0.02111111 0.0 0.0 0.06888889 0.0 0.0 0.065 0.0 0.0 0.0 0.0 0.0 0.0 0.0 0.0 0.0 0.038055554 0.0 0.72088885 0.17933334 0.010055555 385.8539 1251.6666 1399.0555 0.9444444 
6	0.11707486 0.14027211 0.44653055 0.19517007 0.3884354 0.2996598 0.15006804 0.14156464 0.37721083 0.3040817 0.14448981 0.574898 0.15911567 0.075578235 0.48353738 0.29183668 0.15292515 0.46149674 1.559592 0.44115645 0.8398637 0.57802725 0.34551024 0.16421771 0.25149664 0.09095238 0.0074829943 0.009115646 0.004421769 0.012789116 0.010408163 0.0 0.0514966 8.843537E-4 0.043945577 0.04272109 0.090748295 0.0033333334 0.014489795 0.02999999 0.006802721 0.012312925 0.044217683 0.017006803 0.046462573 0.05517005 0.0019047619 0.016938774 0.028231293 0.12307482 0.019047624 0.27114972 0.1387143 0.078884356 7.156828 300.06122 1458.1089 0.7346939 
7	0.1519443 0.17022568 0.36374998 0.28467014 0.35201386 0.1299479 0.08935765 0.15440972 0.29057297 0.3973785 0.09586804 0.69840306 0.13071181 0.101753496 0.09934025 0.27717036 0.20751727 0.21883687 1.5917184 0.14520833 1.0790108 0.42420143 0.16395834 0.17298615 0.6026043 0.14406252 0.030555556 0.017465279 0.012239583 0.020902779 0.014027778 0.0043923613 0.08723959 0.0051041665 0.04649307 0.052031264 0.12595488 0.012343749 0.023107642 0.022187501 0.026024306 0.060625 0.013802083 0.01159722 0.056319434 0.088385426 0.0096875 0.022326386 0.075762145 0.14039932 0.021380218 0.41474664 0.15087336 0.0693455 7.1168127 101.69444 679.59375 0.6302083 
8	0.33205888 0.2882353 0.3361765 0.0 0.26705882 0.062058814 0.035588235 0.16441175 0.44352946 0.58735293 0.22294119 0.5932353 0.3938235 0.75029415 0.08970587 0.25264707 0.36470592 0.11205882 2.5002942 0.03794118 1.1570587 0.049411763 0.41441178 0.4014706 0.050294116 0.052058823 2.9411764E-4 5.8823527E-4 5.8823527E-4 0.0 0.0 0.0 0.1282353 0.0 0.0020588236 0.03647059 0.10823529 0.0017647059 0.005 0.03941176 0.004705882 0.0017647059 0.0067647058 0.002352941 0.059117634 0.02 0.0020588236 0.017058825 0.023647057 0.0957353 0.005235295 0.35552943 0.4511764 0.10208824 8.372677 401.14706 2360.5 0.9117647 
9	0.31695652 0.1534783 0.2867391 0.09652174 0.06956519 0.11347826 0.020869566 0.13434784 0.22891305 0.37847835 0.1497826 0.65956527 0.34 0.691087 0.021521736 0.16478264 0.2721739 0.11652174 1.9182609 0.048695646 0.8689128 0.03413043 0.45717397 0.29 0.12760869 0.09304347 0.0058695655 0.0015217392 0.0021739127 0.0039130435 0.0 0.0 0.31652173 0.0 0.0 0.02652174 0.20782608 0.0021739132 0.005 0.013695651 0.015217391 0.007826087 0.0045652175 0.016956521 0.041086953 0.04065218 0.009782609 0.04978261 0.03323913 0.11619567 0.008413043 0.24799998 0.34436953 0.09180435 5.209739 166.34782 3235.8044 0.76086956 
