0	0.09160004 0.2226094 0.2565798 0.027626844 0.30232495 0.08181749 0.1112725 0.096000016 0.04017716 0.20199734 0.048402682 0.51473045 0.08120267 0.038042944 0.023785228 0.24358122 0.12898794 0.16773693 1.6641791 0.060966436 0.7544239 0.05489933 0.076085895 0.07443759 0.5729853 0.29893407 0.9401878 0.15039998 0.12000534 0.12273019 0.07534763 0.05732349 0.099511355 0.058010742 0.120212086 0.10952207 0.14155975 0.013908725 0.09279466 0.06879732 0.049186576 0.15348727 0.052413415 0.0950416 0.35812652 0.20527796 0.0050093965 0.03423356 0.03269154 0.13791998 0.016402148 0.24227141 0.054413415 0.037420936 2.8087091 20.188189 96.83087 0.32778522 
1	0.19 0.0 0.38 0.0 0.0 0.19 0.0 0.0 0.0 0.0 0.19 0.19 0.0 0.0 0.0 0.38 0.0 0.19 1.14 0.0 0.38 0.0 0.0 0.0 0.0 0.0 0.0 0.0 0.0 0.0 0.0 0.0 0.0 0.0 0.0 0.0 0.0 0.0 0.0 0.0 0.0 0.0 0.0 0.0 0.0 0.0 0.0 0.0 0.01 0.01 0.0 0.0 0.0 0.003 2.383 21.0 15841.0 1.0 
2	0.0 0.0 0.0 0.04 0.0 0.0 0.0 0.0 0.0 0.0 0.0 0.0 0.0 0.0 0.0 0.02 0.0 0.0 0.02 0.0 0.0 0.0 0.0 0.0 0.0 0.0 0.0 0.0 0.0 0.0 0.0 0.0 0.0 0.0 0.0 0.0 0.0 0.0 0.0 0.0 0.0 0.0 0.0 0.0 0.0 0.0 0.0 0.0 1.024 9.752 0.003 1.542 1.785 1.998 239.571 9989.0 10062.0 1.0 
3	0.096666664 0.013333333 0.2 0.0 0.15333334 0.13333334 0.0 0.096666664 0.096666664 0.31333333 0.06 0.07333333 0.120000005 0.0 0.06333333 0.013333333 0.13 0.06333333 0.62666667 0.013333333 0.27666667 3.1766665 0.23 0.18333334 0.0 0.0 0.0 0.0 0.0 0.0 0.0 0.0 0.0 0.046666667 0.0 0.013333333 0.0 0.0 0.026666665 0.0 0.0 0.0 0.0 0.0 0.06333333 0.0 0.0 0.0 0.37233332 0.095 0.0139999995 0.14 0.030000001 0.0036666666 15.187665 493.0 9113.667 1.0 
4	0.005 0.005 0.035 0.0 0.025 0.0 0.0 0.005 0.015 0.065 0.025 0.0 0.0 0.025 0.0 0.0 0.005 0.035 0.005 0.0 0.005 0.0 0.0 0.0 0.0 0.0 0.0 0.0 0.0 0.0 0.0 0.0 0.035 0.0 0.0 0.065 0.0 0.0 0.0 0.005 0.23 0.0 0.0 0.015 0.0 0.4 0.005 0.035 0.036 0.1615 0.074999996 0.012 0.056 0.012 3.0295 43.5 5648.5 0.0 
5	0.295 0.083333336 1.3824998 0.015833333 0.88583326 0.0 0.054166663 0.0 0.4958333 0.6858334 0.0 0.033333335 0.0 0.0 0.0 0.065 0.0 0.0 0.295 0.7258334 0.40083334 0.0 0.0 0.033333335 0.27833334 0.0 0.12166667 0.04 0.0 0.048333332 0.0 0.0 0.0 0.031666666 0.0 0.0 0.048333332 0.0 0.0 0.0 0.0 0.0 0.0 0.0 0.0 0.0 0.0 0.0 0.0 0.007333333 0.0 0.76383334 0.18825 0.0025 537.20825 1405.5834 1442.75 0.9166667 
6	0.13490567 0.14160378 0.28509432 0.18424527 0.265566 0.09745284 0.05584907 0.13877359 0.281132 0.31622633 0.09896226 0.50330186 0.15207544 0.16896227 0.07905662 0.28103775 0.16990565 0.16669811 1.5707548 0.14339624 0.81056625 0.7629245 0.2031132 0.18160377 0.35292453 0.13047169 0.010471698 0.012641509 0.006132076 0.017735848 0.014433962 0.0 0.09311322 0.001226415 0.057075474 0.06584906 0.13990566 0.005 0.0136792455 0.023490561 0.01037736 0.017264152 0.004150943 0.016226415 0.03698112 0.056603763 0.0031132076 0.023679245 0.03699057 0.13175471 0.026962262 0.21701887 0.16574524 0.10879245 5.6170006 111.113205 1623.849 0.6132075 
7	0.14511207 0.17421469 0.3610898 0.26402244 0.35919872 0.13315709 0.13557698 0.14634612 0.28105775 0.3941826 0.09192308 0.68947124 0.123717904 0.09427885 0.094919845 0.27995214 0.20386213 0.2326444 1.6419544 0.14274041 1.0976764 0.40868586 0.15152243 0.16645837 0.5545032 0.14115384 0.04059295 0.019647436 0.011730768 0.021490382 0.02520833 0.0047115386 0.080304496 0.00536859 0.049166672 0.05065706 0.1201763 0.013269231 0.021634616 0.05616989 0.02463141 0.05596154 0.01589744 0.011153846 0.06615384 0.08213141 0.008942308 0.022227561 0.075320475 0.1413541 0.021551281 0.41260758 0.1432484 0.06823395 7.2556787 103.770836 656.72754 0.63461536 
8	0.20080005 0.24120003 0.6271999 0.12213333 0.57266665 0.49320003 0.24973333 0.17666666 0.54573333 0.5192001 0.25439999 0.77266675 0.2488 0.2288 0.9154666 0.3154667 0.21039997 0.7416 2.0312002 0.6850665 1.2485334 0.08213334 0.5952 0.23000002 0.0012 0.0012 0.0 0.0 0.0 0.0 0.0 0.0 0.0048 0.0 0.0064 0.0012 0.0088 0.0 0.010266666 0.036666665 0.0 0.0 0.08279999 0.010666666 0.050933313 0.033333335 0.0 0.0029333334 0.00944 0.095186695 0.001 0.41355997 0.21494667 0.04656001 16.290998 653.86664 1522.7067 1.0 
9	0.30576923 0.15384617 0.29461536 0.085384615 0.07692305 0.10519232 0.02076923 0.14000003 0.23769228 0.41096163 0.14615384 0.628077 0.33365387 0.65538466 0.02557692 0.15865387 0.2723077 0.120769225 1.8894229 0.043076925 0.8642307 0.030192306 0.4392308 0.29096156 0.13557692 0.10576923 0.0051923078 0.0017307692 0.002307692 0.0034615386 0.0 0.0 0.3126923 0.0 0.0 0.032115385 0.22596154 0.002307692 0.005961538 0.033269227 0.014615386 0.0076923072 0.005576923 0.016153844 0.05192307 0.04153846 0.009038461 0.046923075 0.035653844 0.11844231 0.008307692 0.24796149 0.3613846 0.086134605 6.516904 208.3077 3168.0 0.7692308 
