0	0.09557537 0.21496253 0.2629071 0.050226778 0.30963555 0.08694092 0.11511941 0.09892882 0.059223182 0.2101447 0.05167672 0.5339281 0.084586255 0.04082509 0.027150782 0.24300344 0.13887808 0.16770813 1.6653427 0.065920375 0.7794061 0.08554642 0.08224609 0.082147166 0.57896745 0.2831773 0.8497034 0.13717246 0.10936547 0.112458356 0.07052831 0.052156817 0.0969722 0.052827504 0.11122556 0.10480813 0.13888298 0.01424608 0.0855344 0.06871894 0.04754403 0.14378044 0.04920144 0.08656934 0.32944077 0.19504954 0.005464416 0.0325959 0.03867528 0.13891637 0.016130758 0.2572063 0.061144304 0.039855473 3.0599098 25.466105 141.16911 0.3548854 
1	0.19 0.0 0.38 0.0 0.0 0.19 0.0 0.0 0.0 0.0 0.19 0.19 0.0 0.0 0.0 0.38 0.0 0.19 1.14 0.0 0.38 0.0 0.0 0.0 0.0 0.0 0.0 0.0 0.0 0.0 0.0 0.0 0.0 0.0 0.0 0.0 0.0 0.0 0.0 0.0 0.0 0.0 0.0 0.0 0.0 0.0 0.0 0.0 0.01 0.01 0.0 0.0 0.0 0.003 2.383 21.0 15841.0 1.0 
2	0.0 0.0 0.0 0.04 0.0 0.0 0.0 0.0 0.0 0.0 0.0 0.0 0.0 0.0 0.0 0.02 0.0 0.0 0.02 0.0 0.0 0.0 0.0 0.0 0.0 0.0 0.0 0.0 0.0 0.0 0.0 0.0 0.0 0.0 0.0 0.0 0.0 0.0 0.0 0.0 0.0 0.0 0.0 0.0 0.0 0.0 0.0 0.0 1.024 9.752 0.003 1.542 1.785 1.998 239.571 9989.0 10062.0 1.0 
3	0.096666664 0.013333333 0.2 0.0 0.15333334 0.13333334 0.0 0.096666664 0.096666664 0.31333333 0.06 0.07333333 0.120000005 0.0 0.06333333 0.013333333 0.13 0.06333333 0.62666667 0.013333333 0.27666667 3.1766665 0.23 0.18333334 0.0 0.0 0.0 0.0 0.0 0.0 0.0 0.0 0.0 0.046666667 0.0 0.013333333 0.0 0.0 0.026666665 0.0 0.0 0.0 0.0 0.0 0.06333333 0.0 0.0 0.0 0.37233332 0.095 0.0139999995 0.14 0.030000001 0.0036666666 15.187665 493.0 9113.667 1.0 
4	0.005 0.005 0.035 0.0 0.025 0.0 0.0 0.005 0.015 0.065 0.025 0.0 0.0 0.025 0.0 0.0 0.005 0.035 0.005 0.0 0.005 0.0 0.0 0.0 0.0 0.0 0.0 0.0 0.0 0.0 0.0 0.0 0.035 0.0 0.0 0.065 0.0 0.0 0.0 0.005 0.23 0.0 0.0 0.015 0.0 0.4 0.005 0.035 0.036 0.1615 0.074999996 0.012 0.056 0.012 3.0295 43.5 5648.5 0.0 
5	0.195 0.5 0.4 0.095 0.58 0.0 0.0 0.0 0.39 0.19 0.0 0.2 0.0 0.0 0.0 0.1 0.0 0.0 0.195 0.19 0.39 0.0 0.0 0.2 0.095 0.0 0.0 0.095 0.0 0.0 0.0 0.0 0.0 0.19 0.0 0.0 0.0 0.0 0.0 0.0 0.0 0.0 0.0 0.0 0.0 0.0 0.0 0.0 0.0 0.035 0.0 0.4155 0.72950006 0.015 1062.0 2123.0 2124.0 1.0 
6	0.19095239 0.17738095 0.28809524 0.0045238095 0.22761905 0.078095235 0.040714283 0.12476189 0.2621429 0.33547616 0.13904761 0.5402381 0.2140476 0.39190477 0.06619047 0.24404761 0.22357143 0.124999985 1.6483334 0.046666663 0.7578572 0.14619048 0.22000001 0.21857145 0.46666664 0.11833334 0.0035714288 0.0023809522 0.004047619 0.018809523 0.008571429 0.0 0.17952386 0.0 0.009047619 0.07119048 0.20738094 0.006428571 0.014285715 0.02047619 0.024999999 0.0054761907 0.011666667 0.020952381 0.046428572 0.10642858 0.002857143 0.04357143 0.046809524 0.12514286 0.02188095 0.2310476 0.24792854 0.07314286 4.985333 130.7619 2140.976 0.5714286 
7	0.1611883 0.20017393 0.49034768 0.25536233 0.3822609 0.20368107 0.12968113 0.16942029 0.4033914 0.5272755 0.13002892 0.6283185 0.14263757 0.12260871 0.30188406 0.33715945 0.15292753 0.40301442 1.5693326 0.33405796 1.1548123 0.53860873 0.25130433 0.17979705 0.302 0.114347816 0.023072464 0.01585507 0.0044057965 0.017710144 0.015159421 8.115942E-4 0.06759419 0.0017391305 0.06794204 0.027217392 0.108550705 0.0039130435 0.017826088 0.028463759 0.0047246376 0.03573913 0.021159422 0.011362316 0.045391314 0.033826083 0.0052753617 0.021246377 0.033269566 0.12195946 0.028765215 0.40915367 0.17159124 0.08074493 23.154722 267.50433 1099.055 0.75652176 
8	0.396875 0.29875 0.35437497 0.0 0.43687502 0.106874995 0.058749996 0.273125 0.493125 1.0093749 0.20937498 0.600625 0.485 0.6925 0.36187506 0.18875001 0.346875 0.30625004 2.82375 0.039375 1.5031251 0.0 0.60812503 0.515625 0.0 0.0 0.0 0.0 0.0 0.0 0.0 0.0 0.0 0.0 0.009375 0.02 0.0 0.0 0.010625 0.13375 0.0 0.0 0.01 0.0 0.049374994 0.005 0.0 0.0 0.012687501 0.0663125 0.0 0.4469375 0.4379375 0.0783125 22.299246 839.25 2312.25 1.0 
9	0.31886363 0.15272728 0.29 0.09795454 0.068181805 0.1140909 0.020681819 0.13727273 0.22159094 0.38386372 0.14954543 0.66727275 0.34636366 0.6961363 0.021363633 0.16977276 0.27931815 0.11863638 1.9365909 0.050909087 0.8813637 0.035681818 0.46363637 0.29136363 0.1015909 0.06454545 0.005454546 0.0015909091 0.0022727272 0.0040909094 0.0 0.0 0.32886365 0.0 0.0 0.027045457 0.18840909 0.001590909 0.0052272733 0.014318182 0.01590909 0.008181819 0.004772727 0.016363634 0.041136358 0.042500004 0.010227272 0.052045453 0.029613638 0.11447727 0.004681818 0.25102267 0.34765905 0.09297728 5.2437053 169.52272 3258.818 0.77272725 
